c101
[0, 2, 8]
[0, 1, 8]
[0, 6, 8]
[0, 4, 8]
[0, 3, 8]
[0, 7, 8]
[0, 5, 8]
[0, 3, 5, 8]
[0, 3, 4, 8]
[0, 4, 1, 8]
[0, 3, 7, 8]
[0, 3, 6, 8]
[0, 5, 3, 4, 8]
[0, 3, 4, 1, 8]
[0, 5, 3, 7, 8]
[0, 5, 3, 6, 8]
[0, 3, 6, 4, 8]
[0, 5, 3, 4, 1, 8]
[0, 3, 7, 6, 8]
[0, 5, 3, 6, 4, 8]
[0, 3, 6, 4, 1, 8]
[0, 5, 3, 7, 6, 8]
[0, 3, 7, 6, 4, 8]
[0, 5, 3, 6, 4, 1, 8]
[0, 5, 3, 7, 6, 4, 8]
[0, 5, 3, 4, 2, 1, 8]
[0, 5, 3, 6, 4, 2, 8]
[0, 5, 3, 7, 6, 4, 1, 8]
[0, 3, 7, 6, 4, 2, 8]
[0, 5, 3, 6, 4, 2, 1, 8]
[0, 5, 3, 7, 6, 4, 2, 8]
[0, 3, 7, 6, 4, 2, 1, 8]
[0, 5, 1, 8]
[0, 5, 7, 8]
[0, 5, 7, 4, 8]
[0, 5, 7, 1, 8]
[0, 5, 7, 6, 8]
[0, 5, 2, 1, 8]
[0, 5, 7, 6, 4, 8]
[0, 5, 7, 2, 8]
[0, 7, 2, 1, 8]
[0, 5, 7, 4, 2, 8]
[0, 5, 7, 2, 1, 8]
[0, 5, 7, 6, 2, 8]
[0, 5, 7, 4, 2, 1, 8]
[0, 5, 7, 6, 4, 2, 8]
[0, 5, 7, 6, 2, 1, 8]
[0, 5, 7, 6, 4, 2, 1, 8]
[0, 5, 3, 2, 1, 8]
[0, 5, 3, 7, 2, 1, 8]
[0, 5, 3, 7, 6, 2, 8]
[0, 5, 3, 7, 4, 2, 1, 8]
[0, 5, 3, 7, 6, 2, 1, 8]
