c101
[0, 2, 11]
[0, 9, 11]
[0, 1, 11]
[0, 6, 11]
[0, 4, 11]
[0, 8, 11]
[0, 10, 11]
[0, 3, 11]
[0, 7, 11]
[0, 5, 11]
[0, 3, 5, 11]
[0, 10, 9, 11]
[0, 9, 4, 11]
[0, 4, 1, 11]
[0, 3, 7, 11]
[0, 5, 3, 10, 11]
[0, 5, 3, 9, 11]
[0, 10, 9, 4, 11]
[0, 9, 4, 1, 11]
[0, 5, 3, 7, 11]
[0, 3, 8, 10, 11]
[0, 5, 3, 10, 9, 11]
[0, 5, 3, 9, 4, 11]
[0, 10, 9, 4, 1, 11]
[0, 3, 7, 8, 11]
[0, 5, 3, 8, 10, 11]
[0, 5, 3, 8, 9, 11]
[0, 5, 3, 9, 6, 11]
[0, 5, 3, 10, 9, 4, 11]
[0, 5, 3, 9, 4, 1, 11]
[0, 5, 3, 7, 8, 11]
[0, 3, 7, 8, 10, 11]
[0, 5, 3, 8, 10, 9, 11]
[0, 5, 3, 10, 9, 6, 11]
[0, 5, 3, 9, 6, 4, 11]
[0, 5, 3, 10, 9, 4, 1, 11]
[0, 5, 3, 7, 8, 10, 11]
[0, 5, 3, 7, 8, 9, 11]
[0, 5, 3, 8, 9, 6, 11]
[0, 5, 3, 10, 9, 6, 4, 11]
[0, 5, 3, 9, 6, 4, 1, 11]
[0, 5, 3, 7, 8, 10, 9, 11]
[0, 5, 3, 8, 10, 9, 6, 11]
[0, 5, 3, 8, 9, 6, 4, 11]
[0, 5, 3, 10, 9, 6, 4, 1, 11]
[0, 5, 3, 7, 8, 9, 6, 11]
[0, 5, 3, 8, 10, 9, 6, 4, 11]
[0, 5, 3, 8, 9, 6, 4, 1, 11]
[0, 5, 3, 7, 8, 10, 9, 6, 11]
[0, 5, 3, 7, 8, 9, 6, 4, 11]
[0, 5, 3, 8, 10, 9, 6, 4, 1, 11]
[0, 5, 3, 7, 8, 10, 9, 6, 4, 11]
[0, 5, 3, 7, 8, 9, 6, 4, 1, 11]
[0, 5, 3, 8, 10, 9, 6, 4, 2, 11]
[0, 5, 3, 7, 8, 10, 9, 6, 4, 1, 11]
[0, 5, 3, 7, 8, 9, 6, 4, 2, 11]
[0, 5, 3, 8, 10, 9, 6, 4, 2, 1, 11]
[0, 5, 3, 7, 8, 10, 9, 6, 4, 2, 11]
[0, 5, 3, 7, 8, 9, 6, 4, 2, 1, 11]
[0, 10, 1, 11]
[0, 7, 10, 11]
[0, 5, 7, 10, 11]
[0, 10, 2, 11]
[0, 7, 10, 1, 11]
[0, 7, 8, 10, 11]
[0, 7, 2, 11]
[0, 10, 2, 1, 11]
[0, 5, 7, 8, 10, 11]
[0, 7, 10, 2, 11]
[0, 7, 2, 1, 11]
[0, 5, 7, 8, 10, 9, 11]
[0, 7, 8, 10, 6, 11]
[0, 5, 7, 10, 2, 11]
[0, 7, 10, 2, 1, 11]
[0, 5, 7, 8, 10, 6, 11]
[0, 7, 10, 6, 2, 11]
[0, 5, 7, 10, 2, 1, 11]
[0, 5, 7, 8, 10, 9, 6, 11]
[0, 5, 7, 10, 6, 2, 11]
[0, 7, 10, 6, 2, 1, 11]
[0, 7, 8, 10, 6, 2, 11]
[0, 5, 7, 10, 6, 2, 1, 11]
[0, 5, 7, 8, 10, 6, 2, 11]
[0, 7, 8, 10, 6, 2, 1, 11]
[0, 5, 7, 8, 10, 9, 6, 2, 11]
[0, 5, 7, 8, 10, 6, 2, 1, 11]
[0, 5, 7, 8, 10, 9, 6, 4, 2, 11]
[0, 5, 7, 8, 10, 9, 6, 2, 1, 11]
[0, 5, 7, 8, 10, 9, 6, 4, 2, 1, 11]
[0, 3, 7, 10, 11]
[0, 5, 3, 7, 10, 11]
[0, 3, 7, 10, 4, 1, 11]
[0, 3, 7, 10, 2, 11]
[0, 5, 3, 7, 10, 4, 1, 11]
[0, 3, 7, 10, 4, 2, 11]
[0, 3, 7, 10, 2, 1, 11]
[0, 5, 3, 7, 10, 4, 2, 11]
[0, 3, 7, 10, 4, 2, 1, 11]
[0, 3, 7, 10, 6, 4, 2, 11]
[0, 5, 3, 7, 10, 4, 2, 1, 11]
[0, 5, 3, 7, 10, 6, 4, 2, 11]
[0, 3, 7, 10, 6, 4, 2, 1, 11]
[0, 5, 3, 7, 10, 9, 6, 4, 2, 11]
[0, 5, 3, 7, 10, 6, 4, 2, 1, 11]
[0, 5, 3, 7, 8, 10, 6, 4, 2, 11]
[0, 5, 3, 7, 10, 9, 6, 4, 2, 1, 11]
[0, 5, 3, 7, 8, 10, 6, 4, 2, 1, 11]
[0, 3, 7, 8, 10, 9, 11]
[0, 3, 7, 8, 10, 9, 1, 11]
[0, 3, 7, 8, 10, 9, 4, 1, 11]
[0, 3, 7, 8, 10, 9, 2, 11]
[0, 7, 8, 10, 9, 2, 1, 11]
[0, 3, 7, 8, 10, 9, 4, 2, 11]
[0, 3, 7, 8, 10, 9, 2, 1, 11]
[0, 3, 7, 8, 10, 9, 6, 2, 11]
[0, 3, 7, 8, 10, 9, 4, 2, 1, 11]
[0, 3, 7, 8, 10, 9, 6, 4, 2, 11]
[0, 3, 7, 8, 10, 9, 6, 2, 1, 11]
[0, 3, 7, 8, 10, 9, 6, 4, 2, 1, 11]
[0, 5, 3, 7, 8, 10, 9, 2, 1, 11]
[0, 5, 3, 7, 8, 10, 9, 4, 2, 1, 11]
[0, 5, 3, 7, 8, 10, 9, 6, 2, 1, 11]
