c101
[0, 16, 2, 22, 26]
[0, 14, 26]
[0, 19, 26]
[0, 12, 26]
[0, 15, 26]
[0, 18, 26]
[0, 17, 26]
[0, 13, 26]
[0, 9, 26]
[0, 11, 26]
[0, 1, 21, 26]
[0, 6, 26]
[0, 4, 26]
[0, 8, 26]
[0, 10, 26]
[0, 3, 26]
[0, 7, 26]
[0, 5, 26]
[0, 24, 26]
[0, 25, 26]
[0, 23, 26]
[0, 20, 26]
[0, 1, 26]
[0, 5, 20, 26]
[0, 20, 24, 26]
[0, 3, 5, 26]
[0, 19, 10, 26]
[0, 19, 11, 26]
[0, 11, 9, 26]
[0, 19, 14, 26]
[0, 5, 24, 20, 26]
[0, 20, 3, 5, 26]
[0, 5, 3, 24, 26]
[0, 18, 19, 26]
[0, 19, 11, 9, 26]
[0, 3, 19, 14, 26]
[0, 19, 14, 9, 26]
[0, 19, 14, 1, 26]
[0, 13, 20, 26]
[0, 5, 13, 26]
[0, 20, 5, 24, 20, 26]
[0, 5, 20, 3, 5, 26]
[0, 20, 5, 3, 24, 26]
[0, 3, 5, 24, 3, 26]
[0, 5, 3, 17, 26]
[0, 5, 3, 7, 26]
[0, 17, 18, 26]
[0, 3, 18, 19, 26]
[0, 18, 19, 10, 26]
[0, 18, 19, 11, 26]
[0, 18, 19, 14, 26]
[0, 19, 14, 12, 26]
[0, 19, 14, 9, 1, 26]
[0, 5, 13, 20, 26]
[0, 5, 13, 24, 26]
[0, 13, 3, 5, 26]
[0, 13, 17, 26]
[0, 5, 3, 17, 24, 26]
[0, 3, 5, 17, 3, 26]
[0, 3, 17, 18, 26]
[0, 17, 18, 19, 26]
[0, 18, 19, 10, 11, 26]
[0, 18, 19, 11, 9, 26]
[0, 3, 18, 19, 14, 26]
[0, 18, 19, 14, 9, 26]
[0, 19, 14, 12, 1, 26]
[0, 5, 13, 24, 20, 26]
[0, 5, 13, 3, 5, 26]
[0, 3, 5, 13, 3, 26]
[0, 3, 13, 17, 26]
[0, 5, 3, 17, 18, 26]
[0, 3, 17, 18, 19, 26]
[0, 17, 18, 19, 10, 26]
[0, 17, 18, 19, 11, 26]
[0, 18, 19, 10, 11, 9, 26]
[0, 17, 18, 19, 14, 26]
[0, 18, 19, 14, 12, 26]
[0, 19, 14, 12, 4, 1, 26]
[0, 20, 13, 5, 3, 24, 26]
[0, 5, 13, 3, 5, 24, 26]
[0, 5, 3, 13, 17, 26]
[0, 13, 17, 18, 26]
[0, 5, 3, 17, 18, 19, 26]
[0, 3, 17, 18, 19, 10, 26]
[0, 17, 18, 19, 10, 11, 26]
[0, 17, 18, 19, 11, 9, 26]
[0, 3, 17, 18, 19, 14, 26]
[0, 17, 18, 19, 14, 9, 26]
[0, 18, 19, 14, 12, 4, 26]
[0, 18, 19, 14, 12, 1, 26]
[0, 13, 5, 3, 13, 26]
[0, 13, 3, 5, 13, 26]
[0, 5, 20, 3, 5, 13, 3, 26]
[0, 5, 13, 3, 5, 24, 3, 26]
[0, 20, 5, 3, 13, 17, 26]
[0, 5, 3, 13, 17, 24, 26]
[0, 5, 3, 13, 17, 3, 26]
[0, 3, 13, 17, 18, 26]
[0, 13, 17, 18, 19, 26]
[0, 5, 3, 17, 18, 19, 10, 26]
[0, 3, 17, 18, 19, 10, 11, 26]
[0, 17, 18, 19, 10, 11, 9, 26]
[0, 5, 3, 17, 18, 19, 14, 26]
[0, 3, 17, 18, 19, 14, 9, 26]
[0, 17, 18, 19, 14, 12, 26]
[0, 19, 14, 12, 2, 1, 26]
[0, 20, 13, 5, 3, 13, 26]
[0, 5, 13, 3, 5, 13, 26]
[0, 13, 3, 5, 13, 3, 26]
[0, 5, 20, 3, 5, 13, 17, 26]
[0, 20, 5, 3, 13, 17, 24, 26]
[0, 20, 5, 3, 13, 17, 3, 26]
[0, 5, 3, 13, 17, 18, 26]
[0, 3, 13, 17, 18, 19, 26]
[0, 13, 17, 18, 19, 10, 26]
[0, 5, 3, 17, 18, 19, 10, 11, 26]
[0, 3, 17, 18, 19, 10, 11, 9, 26]
[0, 17, 18, 19, 10, 11, 9, 14, 26]
[0, 5, 3, 17, 18, 19, 14, 9, 26]
[0, 3, 17, 18, 19, 14, 12, 26]
[0, 17, 18, 19, 14, 12, 4, 26]
[0, 18, 19, 14, 12, 2, 26]
[0, 19, 14, 12, 4, 2, 1, 26]
[0, 5, 13, 3, 5, 13, 3, 26]
[0, 13, 3, 5, 13, 17, 26]
[0, 5, 20, 3, 5, 13, 17, 24, 26]
[0, 5, 20, 3, 5, 13, 17, 3, 26]
[0, 5, 3, 13, 17, 3, 7, 26]
[0, 20, 5, 3, 13, 17, 18, 26]
[0, 5, 3, 13, 17, 18, 19, 26]
[0, 3, 13, 17, 18, 19, 10, 26]
[0, 13, 17, 18, 19, 10, 11, 26]
[0, 5, 3, 17, 18, 19, 10, 11, 9, 26]
[0, 3, 17, 18, 19, 10, 11, 9, 14, 26]
[0, 13, 17, 18, 19, 14, 9, 26]
[0, 5, 3, 17, 18, 19, 14, 12, 26]
[0, 3, 17, 18, 19, 14, 12, 4, 26]
[0, 18, 19, 14, 12, 4, 2, 26]
[0, 18, 19, 14, 12, 2, 1, 26]
[0, 5, 13, 3, 5, 13, 17, 26]
[0, 20, 5, 3, 13, 17, 3, 7, 26]
[0, 5, 20, 3, 5, 13, 17, 18, 26]
[0, 5, 3, 13, 17, 18, 7, 26]
[0, 5, 3, 13, 17, 18, 8, 26]
[0, 20, 5, 3, 13, 17, 18, 19, 26]
[0, 5, 3, 13, 17, 18, 19, 10, 26]
[0, 3, 13, 17, 18, 19, 10, 11, 26]
[0, 13, 17, 18, 19, 10, 11, 9, 26]
[0, 5, 3, 17, 18, 19, 10, 11, 9, 14, 26]
[0, 5, 3, 17, 18, 19, 10, 11, 14, 9, 26]
[0, 5, 3, 17, 18, 19, 14, 9, 6, 26]
[0, 17, 18, 19, 10, 11, 9, 14, 12, 26]
[0, 5, 3, 17, 18, 19, 14, 12, 4, 26]
[0, 17, 18, 19, 14, 12, 2, 26]
[0, 18, 19, 14, 12, 4, 2, 1, 26]
[0, 5, 13, 3, 5, 13, 17, 24, 26]
[0, 5, 13, 3, 5, 13, 17, 3, 26]
[0, 13, 3, 5, 13, 17, 18, 26]
[0, 20, 5, 3, 13, 17, 18, 7, 26]
[0, 20, 5, 3, 13, 17, 18, 8, 26]
[0, 5, 20, 3, 5, 13, 17, 18, 19, 26]
[0, 5, 3, 13, 17, 18, 19, 8, 26]
[0, 20, 5, 3, 13, 17, 18, 19, 10, 26]
[0, 5, 3, 17, 18, 19, 15, 10, 26]
[0, 5, 3, 13, 17, 18, 19, 10, 11, 26]
[0, 3, 13, 17, 18, 19, 10, 11, 9, 26]
[0, 13, 17, 18, 19, 10, 11, 9, 14, 26]
[0, 5, 3, 13, 17, 18, 19, 14, 9, 26]
[0, 3, 17, 18, 19, 10, 11, 9, 14, 12, 26]
[0, 17, 18, 19, 10, 11, 9, 14, 12, 4, 26]
[0, 17, 18, 19, 14, 12, 4, 2, 26]
[0, 17, 18, 19, 14, 12, 2, 1, 26]
[0, 20, 5, 3, 13, 17, 24, 25, 26]
[0, 13, 3, 5, 13, 17, 3, 7, 26]
[0, 5, 13, 3, 5, 13, 17, 18, 26]
[0, 5, 3, 13, 17, 18, 7, 8, 26]
[0, 13, 3, 5, 13, 17, 18, 19, 26]
[0, 20, 5, 3, 13, 17, 18, 19, 8, 26]
[0, 5, 3, 13, 17, 18, 19, 8, 10, 26]
[0, 5, 3, 17, 18, 19, 15, 10, 11, 26]
[0, 5, 3, 13, 17, 18, 19, 10, 11, 9, 26]
[0, 3, 13, 17, 18, 19, 10, 11, 9, 14, 26]
[0, 5, 3, 17, 18, 19, 15, 14, 9, 26]
[0, 5, 3, 17, 18, 19, 10, 11, 14, 9, 6, 26]
[0, 5, 3, 17, 18, 19, 10, 11, 9, 14, 12, 26]
[0, 3, 17, 18, 19, 10, 11, 9, 14, 12, 4, 26]
[0, 3, 17, 18, 19, 14, 12, 4, 2, 26]
[0, 17, 18, 19, 14, 12, 4, 2, 1, 26]
[0, 5, 20, 3, 5, 13, 17, 24, 25, 26]
[0, 5, 13, 3, 5, 13, 17, 3, 7, 26]
[0, 13, 3, 5, 13, 17, 18, 7, 26]
[0, 20, 5, 3, 13, 17, 18, 7, 8, 26]
[0, 5, 13, 3, 5, 13, 17, 18, 19, 26]
[0, 20, 5, 3, 13, 17, 18, 19, 8, 10, 26]
[0, 5, 3, 13, 17, 18, 19, 15, 26]
[0, 3, 13, 17, 18, 19, 15, 10, 26]
[0, 5, 3, 13, 17, 18, 19, 8, 10, 11, 26]
[0, 5, 3, 17, 18, 19, 15, 10, 11, 9, 26]
[0, 5, 3, 13, 17, 18, 19, 10, 11, 9, 14, 26]
[0, 5, 3, 13, 17, 18, 19, 10, 11, 14, 9, 26]
[0, 5, 3, 13, 17, 18, 19, 14, 9, 6, 26]
[0, 13, 17, 18, 19, 10, 11, 9, 14, 12, 26]
[0, 5, 3, 17, 18, 19, 10, 11, 9, 14, 12, 4, 26]
[0, 5, 3, 17, 18, 19, 14, 12, 4, 2, 26]
[0, 3, 17, 18, 19, 14, 12, 4, 2, 1, 26]
[0, 13, 3, 5, 13, 17, 24, 25, 26]
[0, 5, 20, 3, 5, 13, 17, 18, 25, 26]
[0, 5, 13, 3, 5, 13, 17, 18, 7, 26]
[0, 5, 13, 3, 5, 13, 17, 18, 8, 26]
[0, 5, 13, 3, 5, 13, 3, 17, 18, 19, 26]
[0, 13, 3, 5, 13, 17, 18, 19, 8, 26]
[0, 5, 13, 3, 5, 13, 17, 18, 19, 10, 26]
[0, 5, 3, 13, 17, 18, 19, 15, 10, 26]
[0, 5, 3, 13, 17, 18, 19, 15, 11, 26]
[0, 5, 3, 13, 17, 18, 19, 8, 10, 11, 9, 26]
[0, 5, 3, 17, 18, 19, 15, 10, 11, 9, 14, 26]
[0, 5, 3, 17, 18, 19, 15, 10, 11, 14, 9, 26]
[0, 5, 3, 17, 18, 19, 15, 14, 9, 6, 26]
[0, 3, 13, 17, 18, 19, 10, 11, 9, 14, 12, 26]
[0, 5, 3, 17, 18, 19, 10, 11, 9, 14, 12, 6, 26]
[0, 3, 17, 18, 19, 10, 11, 9, 14, 12, 6, 4, 26]
[0, 5, 3, 17, 18, 19, 10, 11, 9, 14, 12, 4, 23, 26]
[0, 17, 18, 19, 10, 11, 9, 14, 12, 4, 2, 26]
[0, 5, 3, 17, 18, 19, 14, 12, 4, 2, 1, 26]
[0, 5, 13, 3, 5, 13, 17, 24, 25, 26]
[0, 13, 3, 5, 13, 17, 18, 25, 26]
[0, 5, 13, 3, 5, 13, 3, 17, 18, 7, 26]
[0, 5, 13, 3, 5, 13, 17, 3, 7, 18, 26]
[0, 13, 3, 5, 13, 17, 18, 7, 8, 26]
[0, 13, 3, 5, 13, 17, 3, 7, 18, 19, 26]
[0, 5, 13, 3, 5, 13, 17, 18, 8, 19, 26]
[0, 5, 13, 3, 5, 13, 17, 18, 19, 8, 26]
[0, 13, 3, 5, 13, 17, 18, 19, 8, 10, 26]
[0, 20, 5, 3, 13, 17, 18, 19, 15, 10, 26]
[0, 5, 3, 13, 17, 18, 19, 15, 10, 11, 26]
[0, 5, 3, 13, 17, 18, 19, 15, 11, 9, 26]
[0, 5, 3, 13, 17, 18, 19, 8, 10, 11, 9, 14, 26]
[0, 5, 3, 13, 17, 18, 19, 15, 14, 9, 26]
[0, 5, 3, 13, 17, 18, 19, 10, 11, 14, 9, 6, 26]
[0, 5, 3, 13, 17, 18, 19, 10, 11, 9, 14, 12, 26]
[0, 5, 3, 17, 18, 19, 10, 11, 9, 14, 12, 6, 4, 26]
[0, 3, 17, 18, 19, 10, 11, 9, 14, 12, 4, 2, 26]
[0, 17, 18, 19, 10, 11, 9, 14, 12, 4, 2, 1, 26]
[0, 13, 3, 5, 13, 17, 3, 7, 25, 26]
[0, 5, 13, 3, 5, 13, 17, 18, 25, 26]
[0, 5, 13, 3, 5, 13, 17, 18, 7, 8, 26]
[0, 5, 13, 3, 5, 13, 17, 3, 7, 18, 19, 26]
[0, 5, 13, 3, 5, 13, 3, 17, 18, 19, 8, 26]
[0, 5, 13, 3, 5, 13, 17, 18, 19, 8, 10, 26]
[0, 5, 20, 3, 5, 13, 17, 18, 19, 15, 10, 26]
[0, 20, 5, 3, 13, 17, 18, 19, 15, 10, 11, 26]
[0, 5, 3, 13, 17, 18, 19, 15, 10, 11, 9, 26]
[0, 5, 3, 13, 17, 18, 19, 15, 11, 9, 14, 26]
[0, 20, 5, 3, 13, 17, 18, 19, 15, 14, 9, 26]
[0, 5, 3, 17, 18, 19, 15, 10, 11, 14, 9, 6, 26]
[0, 5, 3, 17, 18, 19, 15, 10, 11, 9, 14, 12, 26]
[0, 5, 3, 13, 17, 18, 19, 10, 11, 9, 14, 12, 4, 26]
[0, 5, 3, 17, 18, 19, 10, 11, 9, 14, 12, 4, 2, 26]
[0, 3, 17, 18, 19, 10, 11, 9, 14, 12, 4, 2, 1, 26]
[0, 5, 13, 3, 5, 13, 17, 3, 7, 25, 26]
[0, 5, 13, 3, 5, 13, 3, 17, 18, 25, 26]
[0, 5, 13, 3, 5, 13, 3, 17, 18, 7, 8, 26]
[0, 13, 3, 5, 13, 17, 24, 25, 18, 19, 26]
[0, 5, 13, 3, 5, 13, 17, 18, 7, 8, 19, 26]
[0, 13, 3, 5, 13, 17, 3, 7, 18, 19, 8, 26]
[0, 5, 13, 3, 5, 13, 3, 17, 18, 19, 8, 10, 26]
[0, 5, 13, 3, 5, 13, 17, 18, 19, 15, 26]
[0, 13, 3, 5, 13, 17, 18, 19, 15, 10, 26]
[0, 5, 20, 3, 5, 13, 17, 18, 19, 15, 10, 11, 26]
[0, 20, 5, 3, 13, 17, 18, 19, 15, 10, 11, 9, 26]
[0, 5, 3, 13, 17, 18, 19, 15, 10, 11, 9, 14, 26]
[0, 5, 3, 13, 17, 18, 19, 15, 10, 11, 14, 9, 26]
[0, 5, 3, 13, 17, 18, 19, 15, 14, 9, 6, 26]
[0, 5, 3, 13, 17, 18, 19, 8, 10, 11, 9, 14, 12, 26]
[0, 5, 3, 13, 17, 18, 19, 10, 11, 9, 14, 12, 6, 26]
[0, 3, 13, 17, 18, 19, 10, 11, 9, 14, 12, 6, 4, 26]
[0, 5, 3, 13, 17, 18, 19, 10, 11, 9, 14, 12, 4, 23, 26]
[0, 3, 17, 18, 19, 10, 11, 9, 14, 12, 6, 4, 2, 26]
[0, 5, 3, 17, 18, 19, 10, 11, 9, 14, 12, 4, 2, 1, 26]
[0, 13, 3, 5, 13, 17, 3, 7, 18, 25, 26]
[0, 5, 13, 3, 5, 13, 17, 18, 25, 8, 26]
[0, 5, 13, 3, 5, 13, 17, 24, 25, 18, 19, 26]
[0, 5, 13, 3, 5, 13, 17, 3, 7, 18, 19, 8, 26]
[0, 13, 3, 5, 13, 17, 3, 7, 18, 19, 8, 10, 26]
[0, 5, 13, 3, 5, 13, 17, 18, 19, 10, 15, 26]
[0, 5, 13, 3, 5, 13, 17, 18, 19, 15, 10, 26]
[0, 13, 3, 5, 13, 17, 18, 19, 15, 10, 11, 26]
[0, 5, 20, 3, 5, 13, 17, 18, 19, 15, 10, 11, 9, 26]
[0, 20, 5, 3, 13, 17, 18, 19, 15, 10, 11, 9, 14, 26]
[0, 20, 5, 3, 13, 17, 18, 19, 15, 10, 11, 14, 9, 26]
[0, 20, 5, 3, 13, 17, 18, 19, 15, 14, 9, 6, 26]
[0, 5, 3, 13, 17, 18, 19, 15, 11, 9, 14, 12, 26]
[0, 5, 3, 17, 18, 19, 15, 10, 11, 9, 14, 12, 6, 26]
[0, 5, 3, 13, 17, 18, 19, 10, 11, 9, 14, 12, 6, 4, 26]
[0, 5, 3, 17, 18, 19, 10, 11, 9, 14, 12, 6, 4, 2, 26]
[0, 3, 17, 18, 19, 10, 11, 9, 14, 12, 6, 4, 2, 1, 26]
[0, 24, 23, 26]
[0, 21, 26]
[0, 24, 7, 26]
[0, 24, 8, 26]
[0, 24, 12, 26]
[0, 6, 4, 26]
[0, 24, 21, 26]
[0, 20, 24, 7, 26]
[0, 7, 8, 26]
[0, 8, 6, 26]
[0, 24, 12, 4, 26]
[0, 24, 23, 21, 26]
[0, 24, 25, 26]
[0, 24, 7, 8, 26]
[0, 24, 16, 26]
[0, 24, 12, 6, 26]
[0, 8, 6, 4, 26]
[0, 6, 4, 21, 26]
[0, 20, 24, 25, 26]
[0, 20, 24, 7, 8, 26]
[0, 24, 7, 8, 10, 26]
[0, 8, 16, 26]
[0, 7, 8, 6, 26]
[0, 16, 12, 26]
[0, 24, 13, 17, 24, 26]
[0, 5, 20, 24, 25, 26]
[0, 20, 24, 13, 7, 26]
[0, 24, 25, 7, 26]
[0, 24, 25, 8, 26]
[0, 20, 24, 7, 8, 10, 26]
[0, 24, 8, 15, 26]
[0, 24, 8, 16, 26]
[0, 24, 16, 6, 26]
[0, 24, 16, 12, 26]
[0, 16, 12, 4, 26]
[0, 20, 24, 13, 17, 24, 26]
[0, 13, 24, 25, 26]
[0, 20, 24, 25, 7, 26]
[0, 24, 13, 7, 8, 26]
[0, 7, 8, 15, 26]
[0, 15, 16, 26]
[0, 8, 16, 12, 26]
[0, 16, 12, 6, 26]
[0, 24, 16, 12, 4, 26]
[0, 20, 24, 13, 25, 26]
[0, 24, 25, 7, 8, 26]
[0, 24, 7, 8, 15, 26]
[0, 24, 15, 16, 26]
[0, 24, 8, 16, 12, 26]
[0, 24, 16, 12, 6, 26]
[0, 16, 12, 6, 4, 26]
[0, 16, 12, 4, 21, 26]
[0, 24, 13, 3, 24, 25, 26]
[0, 13, 24, 25, 7, 26]
[0, 20, 24, 25, 7, 8, 26]
[0, 24, 25, 7, 8, 10, 26]
[0, 24, 7, 8, 10, 15, 26]
[0, 24, 7, 8, 15, 10, 26]
[0, 8, 15, 16, 26]
[0, 15, 16, 6, 26]
[0, 15, 16, 12, 26]
[0, 24, 16, 12, 6, 4, 26]
[0, 16, 12, 4, 23, 21, 26]
[0, 24, 13, 17, 24, 25, 26]
[0, 20, 24, 13, 7, 25, 26]
[0, 5, 20, 24, 25, 7, 8, 26]
[0, 20, 24, 25, 7, 8, 10, 26]
[0, 20, 24, 7, 8, 10, 15, 26]
[0, 20, 24, 7, 8, 15, 10, 26]
[0, 24, 8, 15, 16, 26]
[0, 24, 15, 16, 6, 26]
[0, 24, 15, 16, 12, 26]
[0, 15, 16, 12, 4, 26]
[0, 24, 16, 12, 4, 23, 21, 26]
[0, 20, 24, 13, 17, 24, 25, 26]
[0, 24, 13, 3, 24, 25, 7, 26]
[0, 13, 24, 25, 7, 8, 26]
[0, 24, 13, 7, 8, 15, 26]
[0, 7, 8, 15, 16, 26]
[0, 8, 15, 16, 6, 26]
[0, 8, 15, 16, 12, 26]
[0, 15, 16, 12, 6, 26]
[0, 24, 15, 16, 12, 4, 26]
[0, 16, 12, 6, 4, 23, 21, 26]
[0, 13, 3, 5, 13, 24, 25, 26]
[0, 24, 13, 17, 24, 25, 7, 26]
[0, 20, 24, 13, 25, 7, 8, 26]
[0, 13, 24, 25, 7, 8, 10, 26]
[0, 24, 25, 7, 8, 15, 26]
[0, 24, 7, 8, 15, 16, 26]
[0, 24, 8, 15, 16, 6, 26]
[0, 24, 8, 15, 16, 12, 26]
[0, 24, 15, 16, 12, 6, 26]
[0, 15, 16, 12, 6, 4, 26]
[0, 24, 16, 12, 6, 4, 23, 21, 26]
[0, 13, 20, 24, 13, 3, 24, 25, 26]
[0, 20, 24, 13, 17, 24, 25, 7, 26]
[0, 24, 13, 3, 24, 25, 7, 8, 26]
[0, 24, 25, 7, 8, 10, 15, 26]
[0, 24, 25, 7, 8, 15, 10, 26]
[0, 24, 7, 8, 10, 15, 16, 26]
[0, 7, 8, 15, 16, 6, 26]
[0, 7, 8, 15, 16, 12, 26]
[0, 8, 15, 16, 12, 6, 26]
[0, 24, 15, 16, 12, 6, 4, 26]
[0, 15, 16, 12, 4, 23, 21, 26]
[0, 13, 20, 24, 13, 17, 24, 25, 26]
[0, 13, 3, 5, 13, 24, 25, 7, 26]
[0, 24, 13, 17, 24, 25, 7, 8, 26]
[0, 20, 24, 25, 7, 8, 10, 15, 26]
[0, 20, 24, 25, 7, 8, 15, 10, 26]
[0, 20, 24, 7, 8, 10, 15, 16, 26]
[0, 24, 7, 8, 15, 16, 6, 26]
[0, 24, 7, 8, 15, 16, 12, 26]
[0, 24, 8, 15, 16, 12, 6, 26]
[0, 8, 15, 16, 12, 6, 4, 26]
[0, 24, 15, 16, 12, 6, 4, 23, 26]
[0, 24, 15, 16, 12, 4, 23, 21, 26]
[0, 13, 20, 24, 13, 3, 24, 25, 7, 26]
[0, 20, 24, 13, 17, 24, 25, 7, 8, 26]
[0, 24, 13, 17, 24, 25, 7, 8, 10, 26]
[0, 13, 24, 25, 7, 8, 15, 26]
[0, 20, 24, 25, 7, 8, 10, 15, 11, 26]
[0, 24, 13, 7, 8, 15, 16, 26]
[0, 24, 7, 8, 10, 15, 16, 6, 26]
[0, 24, 7, 8, 10, 15, 16, 12, 26]
[0, 7, 8, 15, 16, 12, 6, 26]
[0, 24, 8, 15, 16, 12, 6, 4, 26]
[0, 8, 15, 16, 12, 6, 4, 23, 26]
[0, 15, 16, 12, 6, 4, 23, 21, 26]
[0, 13, 20, 24, 13, 17, 24, 25, 7, 26]
[0, 13, 3, 5, 13, 24, 25, 7, 8, 26]
[0, 20, 24, 13, 17, 24, 25, 7, 8, 10, 26]
[0, 13, 24, 25, 7, 8, 10, 15, 26]
[0, 13, 24, 25, 7, 8, 15, 10, 26]
[0, 24, 25, 7, 8, 15, 16, 26]
[0, 20, 24, 7, 8, 10, 15, 16, 6, 26]
[0, 20, 24, 7, 8, 10, 15, 16, 12, 26]
[0, 24, 7, 8, 15, 16, 12, 6, 26]
[0, 7, 8, 15, 16, 12, 6, 4, 26]
[0, 24, 15, 16, 12, 6, 4, 23, 21, 26]
[0, 20, 13, 3, 5, 13, 17, 24, 25, 7, 26]
[0, 13, 20, 24, 13, 3, 24, 25, 7, 8, 26]
[0, 13, 3, 5, 13, 24, 25, 7, 8, 10, 26]
[0, 24, 13, 3, 24, 25, 7, 8, 15, 26]
[0, 24, 25, 7, 8, 10, 15, 16, 26]
[0, 24, 13, 7, 8, 15, 16, 6, 26]
[0, 24, 13, 7, 8, 15, 16, 12, 26]
[0, 24, 7, 8, 10, 15, 16, 12, 6, 26]
[0, 24, 7, 8, 15, 16, 12, 6, 4, 26]
[0, 7, 8, 15, 16, 12, 6, 4, 23, 26]
[0, 8, 15, 16, 12, 6, 4, 23, 21, 26]
[0, 13, 20, 24, 13, 17, 24, 25, 7, 8, 26]
[0, 24, 13, 17, 24, 25, 7, 8, 15, 26]
[0, 20, 24, 25, 7, 8, 10, 15, 16, 26]
[0, 24, 25, 7, 8, 15, 16, 6, 26]
[0, 24, 25, 7, 8, 15, 16, 12, 26]
[0, 20, 24, 7, 8, 10, 15, 16, 12, 6, 26]
[0, 24, 7, 8, 10, 15, 16, 12, 6, 4, 26]
[0, 24, 7, 8, 15, 16, 12, 6, 4, 23, 26]
[0, 24, 8, 15, 16, 12, 6, 4, 23, 21, 26]
[0, 10, 9, 26]
[0, 9, 4, 26]
[0, 22, 26]
[0, 7, 9, 26]
[0, 9, 12, 26]
[0, 9, 4, 23, 26]
[0, 23, 22, 26]
[0, 7, 10, 9, 26]
[0, 10, 9, 12, 26]
[0, 7, 9, 4, 26]
[0, 9, 23, 22, 26]
[0, 7, 10, 11, 9, 26]
[0, 7, 9, 6, 26]
[0, 7, 9, 12, 26]
[0, 7, 9, 4, 23, 26]
[0, 9, 4, 23, 22, 26]
[0, 7, 25, 26]
[0, 5, 7, 10, 11, 9, 26]
[0, 7, 10, 9, 6, 26]
[0, 7, 10, 9, 12, 26]
[0, 7, 9, 12, 4, 26]
[0, 9, 12, 23, 22, 26]
[0, 20, 25, 7, 26]
[0, 25, 7, 9, 26]
[0, 7, 10, 11, 9, 6, 26]
[0, 7, 9, 6, 12, 26]
[0, 7, 9, 12, 6, 26]
[0, 7, 10, 9, 12, 4, 26]
[0, 7, 9, 12, 4, 23, 26]
[0, 7, 9, 4, 23, 22, 26]
[0, 5, 3, 7, 25, 26]
[0, 20, 25, 7, 10, 26]
[0, 20, 25, 7, 9, 26]
[0, 7, 10, 9, 6, 12, 26]
[0, 7, 10, 9, 12, 6, 26]
[0, 7, 9, 12, 6, 4, 26]
[0, 7, 10, 9, 12, 4, 23, 26]
[0, 7, 9, 12, 23, 22, 26]
[0, 20, 25, 7, 8, 26]
[0, 25, 7, 8, 10, 26]
[0, 25, 7, 10, 11, 9, 26]
[0, 25, 7, 9, 6, 26]
[0, 25, 7, 9, 12, 26]
[0, 7, 10, 9, 12, 6, 4, 26]
[0, 7, 9, 12, 6, 4, 23, 26]
[0, 7, 9, 12, 4, 23, 22, 26]
[0, 20, 25, 7, 8, 10, 26]
[0, 20, 25, 7, 10, 11, 9, 26]
[0, 20, 25, 7, 9, 6, 26]
[0, 20, 25, 7, 9, 12, 26]
[0, 7, 10, 11, 9, 12, 6, 4, 26]
[0, 7, 10, 9, 12, 6, 4, 23, 26]
[0, 7, 10, 9, 12, 4, 23, 22, 26]
[0, 7, 9, 12, 4, 23, 22, 1, 26]
[0, 25, 7, 10, 15, 26]
[0, 25, 7, 8, 10, 11, 9, 26]
[0, 25, 7, 10, 11, 9, 6, 26]
[0, 25, 7, 9, 6, 12, 26]
[0, 25, 7, 9, 12, 6, 26]
[0, 5, 7, 10, 11, 9, 12, 6, 4, 26]
[0, 7, 10, 11, 9, 12, 6, 4, 23, 26]
[0, 7, 9, 12, 6, 4, 23, 22, 26]
[0, 7, 9, 12, 4, 23, 22, 21, 26]
[0, 20, 25, 7, 10, 15, 26]
[0, 25, 7, 10, 15, 9, 26]
[0, 20, 25, 7, 10, 11, 9, 6, 26]
[0, 20, 25, 7, 9, 6, 12, 26]
[0, 20, 25, 7, 9, 12, 6, 26]
[0, 25, 7, 9, 12, 6, 4, 26]
[0, 5, 7, 10, 11, 9, 12, 6, 4, 23, 26]
[0, 7, 10, 9, 12, 6, 4, 23, 22, 26]
[0, 7, 10, 9, 12, 4, 23, 22, 21, 26]
[0, 7, 9, 12, 6, 4, 23, 22, 1, 26]
[0, 7, 9, 12, 4, 23, 22, 21, 1, 26]
[0, 25, 7, 8, 10, 15, 26]
[0, 25, 7, 8, 15, 10, 26]
[0, 25, 7, 10, 15, 11, 9, 26]
[0, 25, 7, 8, 10, 11, 9, 6, 26]
[0, 25, 7, 10, 11, 9, 6, 12, 26]
[0, 25, 7, 10, 11, 9, 12, 6, 26]
[0, 20, 25, 7, 9, 12, 6, 4, 26]
[0, 25, 7, 9, 12, 6, 4, 23, 26]
[0, 7, 10, 11, 9, 12, 6, 4, 23, 22, 26]
[0, 7, 9, 12, 6, 4, 23, 22, 21, 26]
[0, 20, 25, 7, 8, 10, 15, 26]
[0, 20, 25, 7, 8, 15, 10, 26]
[0, 20, 25, 7, 10, 15, 11, 9, 26]
[0, 25, 7, 10, 15, 9, 6, 26]
[0, 20, 25, 7, 10, 11, 9, 6, 12, 26]
[0, 20, 25, 7, 10, 11, 9, 12, 6, 26]
[0, 25, 7, 10, 11, 9, 12, 6, 4, 26]
[0, 20, 25, 7, 9, 12, 6, 4, 23, 26]
[0, 5, 7, 10, 11, 9, 12, 6, 4, 23, 22, 26]
[0, 7, 10, 9, 12, 6, 4, 23, 22, 21, 26]
[0, 7, 9, 12, 6, 4, 23, 22, 21, 1, 26]
[0, 20, 25, 7, 8, 10, 15, 11, 26]
[0, 25, 7, 8, 10, 15, 11, 9, 26]
[0, 25, 7, 10, 15, 11, 9, 6, 26]
[0, 25, 7, 8, 10, 11, 9, 6, 12, 26]
[0, 25, 7, 8, 10, 11, 9, 12, 6, 26]
[0, 20, 25, 7, 10, 11, 9, 12, 6, 4, 26]
[0, 25, 7, 10, 11, 9, 12, 6, 4, 23, 26]
[0, 25, 7, 9, 12, 6, 4, 23, 22, 26]
[0, 7, 10, 11, 9, 12, 6, 4, 23, 22, 21, 26]
[0, 7, 10, 9, 12, 6, 4, 23, 22, 21, 1, 26]
[0, 20, 25, 7, 8, 10, 15, 11, 9, 26]
[0, 20, 25, 7, 10, 15, 11, 9, 6, 26]
[0, 25, 7, 10, 15, 9, 6, 12, 26]
[0, 25, 7, 10, 15, 9, 12, 6, 26]
[0, 25, 7, 8, 10, 11, 9, 12, 6, 4, 26]
[0, 20, 25, 7, 10, 11, 9, 12, 6, 4, 23, 26]
[0, 20, 25, 7, 9, 12, 6, 4, 23, 22, 26]
[0, 5, 7, 10, 11, 9, 12, 6, 4, 23, 22, 21, 26]
[0, 25, 7, 9, 12, 6, 4, 23, 22, 1, 26]
[0, 7, 10, 11, 9, 12, 6, 4, 23, 22, 21, 1, 26]
[0, 20, 24, 25, 7, 8, 10, 15, 11, 9, 26]
[0, 25, 7, 8, 10, 15, 11, 9, 6, 26]
[0, 25, 7, 10, 15, 11, 9, 6, 12, 26]
[0, 25, 7, 10, 15, 11, 9, 12, 6, 26]
[0, 25, 7, 10, 15, 9, 12, 6, 4, 26]
[0, 25, 7, 8, 10, 11, 9, 12, 6, 4, 23, 26]
[0, 25, 7, 10, 11, 9, 12, 6, 4, 23, 22, 26]
[0, 25, 7, 9, 12, 6, 4, 23, 22, 21, 26]
[0, 13, 17, 25, 7, 10, 15, 11, 9, 26]
[0, 20, 25, 7, 8, 10, 15, 11, 9, 6, 26]
[0, 20, 25, 7, 10, 15, 11, 9, 6, 12, 26]
[0, 20, 25, 7, 10, 15, 11, 9, 12, 6, 26]
[0, 25, 7, 10, 15, 11, 9, 12, 6, 4, 26]
[0, 25, 7, 10, 15, 9, 12, 6, 4, 23, 26]
[0, 20, 25, 7, 10, 11, 9, 12, 6, 4, 23, 22, 26]
[0, 20, 25, 7, 9, 12, 6, 4, 23, 22, 21, 26]
[0, 25, 7, 9, 12, 6, 4, 23, 22, 21, 1, 26]
[0, 13, 17, 25, 7, 8, 10, 15, 9, 26]
[0, 20, 24, 25, 7, 8, 10, 15, 11, 9, 6, 26]
[0, 25, 7, 8, 10, 15, 11, 9, 6, 12, 26]
[0, 25, 7, 8, 10, 15, 11, 9, 12, 6, 26]
[0, 20, 25, 7, 10, 15, 11, 9, 12, 6, 4, 26]
[0, 25, 7, 10, 15, 11, 9, 12, 6, 4, 23, 26]
[0, 25, 7, 8, 10, 11, 9, 12, 6, 4, 23, 22, 26]
[0, 25, 7, 10, 11, 9, 12, 6, 4, 23, 22, 21, 26]
[0, 20, 25, 7, 9, 12, 6, 4, 23, 22, 21, 1, 26]
[0, 20, 11, 26]
[0, 11, 14, 26]
[0, 11, 1, 26]
[0, 8, 11, 26]
[0, 11, 14, 1, 26]
[0, 3, 8, 11, 26]
[0, 8, 11, 14, 26]
[0, 11, 2, 26]
[0, 8, 11, 1, 26]
[0, 20, 13, 11, 26]
[0, 8, 11, 22, 26]
[0, 11, 14, 2, 26]
[0, 11, 2, 1, 26]
[0, 20, 13, 24, 20, 26]
[0, 20, 24, 13, 11, 26]
[0, 11, 16, 14, 26]
[0, 11, 14, 2, 1, 26]
[0, 20, 24, 13, 8, 26]
[0, 20, 13, 8, 11, 26]
[0, 20, 11, 16, 14, 26]
[0, 8, 11, 2, 1, 26]
[0, 20, 24, 13, 3, 8, 26]
[0, 20, 24, 13, 8, 10, 26]
[0, 20, 24, 13, 8, 11, 26]
[0, 13, 16, 11, 26]
[0, 8, 11, 16, 14, 26]
[0, 8, 11, 14, 2, 1, 26]
[0, 20, 24, 13, 7, 8, 26]
[0, 20, 24, 13, 3, 8, 10, 26]
[0, 20, 24, 13, 8, 10, 11, 26]
[0, 20, 13, 16, 11, 26]
[0, 3, 8, 11, 16, 14, 26]
[0, 11, 16, 14, 23, 22, 26]
[0, 11, 16, 14, 2, 26]
[0, 8, 11, 16, 14, 1, 26]
[0, 20, 13, 5, 3, 13, 24, 26]
[0, 20, 13, 3, 5, 13, 24, 26]
[0, 20, 13, 24, 20, 25, 26]
[0, 13, 20, 24, 13, 8, 26]
[0, 20, 24, 13, 3, 8, 10, 11, 26]
[0, 20, 24, 13, 16, 11, 26]
[0, 20, 13, 11, 16, 14, 26]
[0, 8, 11, 16, 14, 22, 26]
[0, 20, 11, 16, 14, 2, 26]
[0, 11, 16, 14, 22, 21, 26]
[0, 11, 16, 14, 2, 1, 26]
[0, 20, 13, 3, 5, 13, 8, 26]
[0, 13, 20, 24, 13, 8, 11, 26]
[0, 20, 13, 8, 11, 16, 26]
[0, 20, 13, 17, 16, 11, 26]
[0, 20, 24, 13, 16, 11, 9, 26]
[0, 20, 24, 13, 11, 16, 14, 26]
[0, 8, 11, 16, 14, 23, 22, 26]
[0, 8, 11, 16, 14, 2, 26]
[0, 20, 11, 16, 14, 2, 1, 26]
[0, 20, 13, 3, 5, 13, 3, 8, 26]
[0, 20, 13, 3, 5, 13, 8, 10, 26]
[0, 20, 13, 3, 5, 13, 8, 11, 26]
[0, 20, 24, 13, 8, 11, 16, 26]
[0, 13, 15, 16, 11, 26]
[0, 20, 13, 8, 11, 16, 14, 26]
[0, 20, 13, 11, 16, 14, 22, 26]
[0, 3, 8, 11, 16, 14, 2, 26]
[0, 8, 11, 16, 14, 22, 21, 26]
[0, 8, 11, 16, 14, 2, 1, 26]
[0, 20, 13, 3, 5, 13, 7, 8, 26]
[0, 20, 13, 3, 5, 13, 3, 8, 10, 26]
[0, 20, 13, 3, 5, 13, 8, 10, 11, 26]
[0, 20, 24, 13, 8, 10, 11, 16, 26]
[0, 20, 13, 15, 16, 11, 26]
[0, 20, 24, 13, 8, 11, 16, 14, 26]
[0, 20, 24, 13, 11, 16, 14, 22, 26]
[0, 20, 13, 11, 16, 14, 2, 26]
[0, 3, 8, 11, 16, 14, 2, 1, 26]
[0, 20, 13, 3, 5, 13, 24, 25, 26]
[0, 20, 13, 3, 5, 13, 3, 7, 8, 26]
[0, 20, 13, 3, 5, 13, 3, 8, 10, 11, 26]
[0, 20, 24, 13, 3, 8, 10, 11, 16, 26]
[0, 20, 24, 13, 15, 16, 11, 26]
[0, 20, 24, 13, 8, 10, 11, 16, 14, 26]
[0, 20, 24, 13, 8, 11, 16, 14, 23, 26]
[0, 20, 13, 8, 11, 16, 14, 22, 26]
[0, 20, 24, 13, 11, 16, 14, 2, 26]
[0, 20, 13, 11, 16, 14, 22, 21, 26]
[0, 20, 13, 11, 16, 14, 2, 1, 26]
[0, 20, 13, 3, 5, 13, 17, 18, 8, 26]
[0, 20, 13, 3, 5, 13, 3, 7, 8, 10, 26]
[0, 20, 13, 3, 5, 13, 3, 7, 8, 11, 26]
[0, 13, 20, 24, 13, 8, 11, 16, 26]
[0, 20, 13, 17, 15, 16, 11, 26]
[0, 20, 24, 13, 15, 16, 11, 9, 26]
[0, 20, 24, 13, 3, 8, 10, 11, 16, 14, 26]
[0, 20, 24, 13, 8, 10, 11, 16, 14, 9, 26]
[0, 20, 24, 13, 8, 11, 16, 14, 6, 26]
[0, 20, 24, 13, 8, 11, 16, 14, 22, 26]
[0, 20, 13, 8, 11, 16, 14, 2, 26]
[0, 8, 11, 16, 14, 2, 22, 21, 26]
[0, 20, 24, 13, 11, 16, 14, 2, 1, 26]
[0, 20, 13, 3, 5, 13, 17, 24, 25, 26]
[0, 20, 13, 3, 5, 13, 3, 7, 8, 10, 11, 26]
[0, 20, 13, 3, 5, 13, 8, 11, 16, 26]
[0, 20, 24, 13, 17, 15, 16, 11, 26]
[0, 13, 20, 24, 13, 8, 11, 16, 14, 26]
[0, 20, 24, 13, 8, 11, 16, 14, 9, 6, 26]
[0, 20, 24, 13, 8, 11, 16, 14, 6, 4, 26]
[0, 20, 24, 13, 8, 11, 16, 14, 23, 22, 26]
[0, 20, 24, 13, 8, 11, 16, 14, 2, 26]
[0, 20, 13, 8, 11, 16, 14, 22, 21, 26]
[0, 20, 13, 8, 11, 16, 14, 2, 1, 26]
[0, 20, 13, 3, 5, 13, 17, 3, 7, 8, 10, 26]
[0, 20, 13, 3, 5, 13, 17, 3, 7, 8, 11, 26]
[0, 20, 13, 3, 5, 13, 8, 10, 11, 16, 26]
[0, 13, 20, 24, 13, 15, 16, 11, 26]
[0, 20, 13, 3, 5, 13, 8, 11, 16, 14, 26]
[0, 20, 24, 13, 8, 11, 16, 14, 9, 6, 4, 26]
[0, 20, 24, 13, 8, 10, 11, 16, 14, 23, 22, 26]
[0, 20, 24, 13, 8, 11, 16, 14, 4, 2, 26]
[0, 20, 13, 8, 11, 16, 14, 2, 22, 26]
[0, 20, 13, 11, 16, 14, 2, 22, 21, 26]
[0, 20, 24, 13, 8, 11, 16, 14, 2, 1, 26]
[0, 20, 13, 3, 5, 13, 17, 3, 7, 8, 10, 11, 26]
[0, 20, 13, 3, 5, 13, 3, 8, 10, 11, 16, 26]
[0, 20, 13, 3, 5, 13, 15, 16, 11, 26]
[0, 20, 13, 3, 5, 13, 8, 10, 11, 16, 14, 26]
[0, 20, 13, 3, 5, 13, 8, 11, 16, 14, 23, 26]
[0, 20, 24, 13, 8, 11, 16, 14, 12, 23, 22, 26]
[0, 20, 24, 13, 8, 11, 16, 14, 6, 2, 26]
[0, 20, 24, 13, 8, 11, 16, 14, 2, 22, 26]
[0, 20, 24, 13, 11, 16, 14, 2, 22, 21, 26]
[0, 20, 24, 13, 8, 11, 16, 14, 4, 2, 1, 26]
[0, 20, 13, 8, 11, 16, 14, 2, 1, 21, 26]
[0, 20, 13, 3, 5, 13, 17, 18, 15, 10, 11, 26]
[0, 20, 13, 3, 5, 13, 3, 7, 8, 11, 16, 26]
[0, 13, 20, 24, 13, 17, 15, 16, 11, 26]
[0, 20, 13, 3, 5, 13, 15, 16, 11, 9, 26]
[0, 20, 13, 3, 5, 13, 3, 8, 10, 11, 16, 14, 26]
[0, 20, 13, 3, 5, 13, 8, 10, 11, 16, 14, 9, 26]
[0, 20, 13, 3, 5, 13, 8, 11, 16, 14, 6, 26]
[0, 20, 13, 3, 5, 13, 8, 11, 16, 14, 22, 26]
[0, 20, 24, 13, 8, 11, 16, 14, 6, 4, 2, 26]
[0, 20, 24, 13, 8, 11, 16, 14, 4, 2, 22, 26]
[0, 20, 13, 8, 11, 16, 14, 2, 22, 21, 26]
[0, 20, 24, 13, 8, 11, 16, 14, 6, 2, 1, 26]
[0, 20, 24, 13, 8, 11, 16, 14, 2, 1, 21, 26]
[0, 24, 22, 26]
[0, 7, 1, 26]
[0, 24, 23, 22, 26]
[0, 22, 21, 26]
[0, 19, 16, 26]
[0, 24, 22, 21, 26]
[0, 24, 19, 16, 26]
[0, 19, 16, 9, 26]
[0, 19, 16, 1, 26]
[0, 24, 25, 19, 10, 26]
[0, 7, 19, 16, 26]
[0, 24, 19, 16, 9, 26]
[0, 19, 16, 22, 26]
[0, 19, 16, 9, 1, 26]
[0, 20, 24, 25, 19, 10, 26]
[0, 13, 19, 16, 26]
[0, 19, 16, 23, 22, 26]
[0, 19, 16, 9, 4, 1, 26]
[0, 5, 3, 13, 17, 19, 10, 26]
[0, 24, 13, 19, 16, 26]
[0, 13, 19, 16, 9, 26]
[0, 19, 16, 22, 21, 26]
[0, 19, 16, 9, 6, 1, 26]
[0, 20, 24, 25, 18, 19, 10, 26]
[0, 24, 25, 19, 16, 26]
[0, 24, 13, 19, 16, 9, 26]
[0, 13, 19, 16, 9, 4, 26]
[0, 13, 19, 16, 22, 26]
[0, 19, 16, 23, 22, 21, 26]
[0, 13, 19, 16, 9, 1, 26]
[0, 24, 25, 19, 15, 10, 26]
[0, 20, 24, 25, 19, 16, 26]
[0, 24, 25, 19, 16, 9, 26]
[0, 13, 19, 16, 9, 6, 26]
[0, 13, 19, 16, 23, 22, 26]
[0, 7, 19, 16, 22, 21, 26]
[0, 13, 19, 16, 9, 4, 1, 26]
[0, 20, 24, 25, 19, 15, 10, 26]
[0, 5, 3, 13, 17, 19, 16, 26]
[0, 20, 24, 25, 19, 16, 9, 26]
[0, 24, 13, 19, 16, 9, 6, 26]
[0, 13, 19, 16, 9, 6, 4, 26]
[0, 13, 19, 16, 9, 23, 22, 26]
[0, 13, 19, 16, 22, 21, 26]
[0, 13, 19, 16, 9, 6, 1, 26]
[0, 5, 3, 13, 17, 19, 15, 10, 26]
[0, 20, 24, 25, 18, 19, 16, 26]
[0, 5, 3, 13, 17, 19, 16, 9, 26]
[0, 24, 25, 19, 16, 9, 6, 26]
[0, 24, 13, 19, 16, 9, 6, 4, 26]
[0, 13, 19, 16, 9, 6, 22, 26]
[0, 13, 19, 16, 23, 22, 21, 26]
[0, 13, 19, 16, 9, 6, 4, 1, 26]
[0, 20, 24, 25, 18, 19, 15, 10, 26]
[0, 24, 25, 19, 15, 16, 26]
[0, 20, 24, 25, 18, 19, 16, 9, 26]
[0, 20, 24, 25, 19, 16, 9, 6, 26]
[0, 24, 25, 19, 16, 9, 6, 4, 26]
[0, 13, 19, 16, 9, 6, 23, 22, 26]
[0, 13, 19, 16, 9, 23, 22, 21, 26]
[0, 24, 13, 19, 16, 9, 6, 4, 1, 26]
[0, 13, 19, 16, 9, 6, 1, 21, 26]
[0, 20, 24, 25, 19, 15, 16, 26]
[0, 24, 25, 19, 15, 16, 9, 26]
[0, 5, 3, 13, 17, 19, 16, 9, 6, 26]
[0, 20, 24, 25, 19, 16, 9, 6, 4, 26]
[0, 24, 13, 19, 16, 9, 6, 23, 22, 26]
[0, 13, 19, 16, 9, 6, 22, 21, 26]
[0, 13, 19, 16, 9, 6, 2, 1, 26]
[0, 5, 3, 13, 17, 19, 15, 16, 26]
[0, 20, 24, 25, 19, 15, 16, 9, 26]
[0, 20, 24, 25, 18, 19, 16, 9, 6, 26]
[0, 5, 3, 13, 17, 19, 16, 9, 6, 4, 26]
[0, 24, 25, 19, 16, 9, 6, 23, 22, 26]
[0, 13, 19, 16, 9, 6, 23, 22, 21, 26]
[0, 13, 19, 16, 9, 6, 4, 2, 1, 26]
[0, 20, 24, 25, 18, 19, 15, 16, 26]
[0, 5, 3, 13, 17, 19, 15, 16, 9, 26]
[0, 24, 25, 19, 15, 16, 9, 6, 26]
[0, 20, 24, 25, 18, 19, 16, 9, 6, 4, 26]
[0, 20, 24, 25, 19, 16, 9, 6, 23, 22, 26]
[0, 24, 13, 19, 16, 9, 6, 23, 22, 21, 26]
[0, 24, 13, 19, 16, 9, 6, 4, 2, 1, 26]
[0, 13, 19, 16, 9, 6, 2, 1, 21, 26]
[0, 5, 3, 13, 17, 18, 19, 15, 16, 26]
[0, 20, 24, 25, 18, 19, 15, 16, 9, 26]
[0, 20, 24, 25, 19, 15, 16, 9, 6, 26]
[0, 24, 25, 19, 15, 16, 9, 6, 4, 26]
[0, 5, 3, 13, 17, 19, 16, 9, 6, 23, 22, 26]
[0, 24, 25, 19, 16, 9, 6, 23, 22, 21, 26]
[0, 24, 25, 19, 16, 9, 6, 4, 2, 1, 26]
[0, 13, 19, 16, 9, 6, 4, 2, 1, 21, 26]
[0, 20, 24, 25, 7, 8, 19, 15, 16, 26]
[0, 5, 3, 13, 17, 18, 19, 15, 16, 9, 26]
[0, 5, 3, 13, 17, 19, 15, 16, 9, 6, 26]
[0, 20, 24, 25, 19, 15, 16, 9, 6, 4, 26]
[0, 5, 3, 13, 17, 19, 16, 9, 6, 4, 23, 22, 26]
[0, 24, 25, 19, 16, 9, 6, 4, 2, 22, 26]
[0, 20, 24, 25, 19, 16, 9, 6, 23, 22, 21, 26]
[0, 20, 24, 25, 19, 16, 9, 6, 4, 2, 1, 26]
[0, 24, 13, 19, 16, 9, 6, 4, 2, 1, 21, 26]
[0, 23, 21, 26]
[0, 20, 23, 22, 26]
[0, 20, 23, 21, 26]
[0, 25, 23, 26]
[0, 23, 22, 21, 26]
[0, 20, 25, 23, 26]
[0, 20, 23, 22, 21, 26]
[0, 7, 2, 1, 26]
[0, 20, 24, 25, 23, 26]
[0, 25, 23, 22, 26]
[0, 25, 23, 21, 26]
[0, 7, 4, 2, 1, 26]
[0, 3, 7, 25, 23, 26]
[0, 20, 25, 23, 22, 26]
[0, 20, 25, 23, 21, 26]
[0, 3, 7, 4, 2, 1, 26]
[0, 20, 24, 25, 7, 10, 26]
[0, 5, 3, 7, 25, 23, 26]
[0, 20, 24, 25, 23, 22, 26]
[0, 25, 23, 22, 21, 26]
[0, 3, 7, 10, 4, 2, 1, 26]
[0, 13, 18, 15, 10, 26]
[0, 13, 18, 15, 23, 26]
[0, 3, 7, 25, 23, 22, 26]
[0, 5, 3, 7, 10, 11, 4, 2, 26]
[0, 20, 25, 23, 22, 21, 26]
[0, 5, 3, 7, 10, 4, 2, 1, 26]
[0, 20, 13, 18, 15, 10, 26]
[0, 13, 18, 15, 14, 23, 26]
[0, 20, 24, 25, 23, 22, 21, 26]
[0, 5, 3, 7, 10, 11, 4, 2, 1, 26]
[0, 5, 3, 13, 18, 15, 10, 26]
[0, 13, 15, 16, 14, 26]
[0, 13, 18, 15, 14, 12, 26]
[0, 20, 13, 18, 15, 14, 23, 26]
[0, 13, 18, 15, 23, 22, 26]
[0, 3, 7, 25, 23, 22, 21, 26]
[0, 5, 3, 7, 10, 11, 9, 4, 2, 1, 26]
[0, 5, 3, 13, 17, 18, 15, 26]
[0, 20, 13, 17, 18, 15, 10, 26]
[0, 20, 13, 15, 16, 14, 26]
[0, 20, 13, 18, 15, 14, 12, 26]
[0, 13, 18, 15, 14, 12, 23, 26]
[0, 5, 3, 7, 10, 11, 6, 4, 2, 1, 26]
[0, 5, 3, 13, 17, 18, 15, 10, 26]
[0, 13, 18, 15, 16, 14, 26]
[0, 20, 13, 18, 15, 14, 12, 23, 26]
[0, 13, 18, 15, 23, 22, 21, 26]
[0, 13, 15, 14, 12, 2, 1, 26]
[0, 20, 5, 3, 13, 17, 18, 15, 10, 26]
[0, 5, 3, 13, 17, 18, 15, 10, 11, 26]
[0, 5, 3, 13, 18, 15, 16, 26]
[0, 20, 13, 18, 15, 16, 11, 26]
[0, 20, 13, 18, 15, 16, 14, 26]
[0, 13, 18, 15, 16, 14, 23, 26]
[0, 13, 18, 15, 14, 12, 23, 22, 26]
[0, 13, 18, 15, 14, 12, 23, 21, 26]
[0, 13, 15, 14, 12, 4, 2, 1, 26]
[0, 20, 13, 5, 3, 13, 18, 15, 10, 26]
[0, 20, 5, 3, 13, 17, 18, 15, 10, 11, 26]
[0, 20, 13, 17, 18, 15, 16, 26]
[0, 5, 3, 13, 18, 15, 16, 11, 26]
[0, 5, 3, 13, 18, 15, 16, 14, 26]
[0, 13, 18, 15, 16, 14, 12, 26]
[0, 20, 13, 18, 15, 16, 14, 23, 26]
[0, 20, 13, 18, 15, 14, 12, 23, 22, 26]
[0, 20, 13, 18, 15, 14, 12, 23, 21, 26]
[0, 13, 18, 15, 14, 12, 2, 1, 26]
[0, 13, 3, 5, 13, 17, 18, 15, 10, 26]
[0, 5, 3, 13, 17, 18, 15, 16, 26]
[0, 20, 13, 17, 18, 15, 16, 11, 26]
[0, 5, 3, 13, 18, 15, 16, 11, 9, 26]
[0, 20, 13, 17, 18, 15, 16, 14, 26]
[0, 5, 3, 13, 18, 15, 16, 14, 9, 26]
[0, 20, 13, 18, 15, 16, 14, 12, 26]
[0, 13, 18, 15, 16, 14, 12, 23, 26]
[0, 13, 18, 15, 14, 12, 23, 22, 21, 26]
[0, 13, 18, 15, 14, 12, 4, 2, 1, 26]
[0, 20, 13, 5, 3, 13, 17, 18, 15, 10, 26]
[0, 20, 5, 3, 13, 17, 18, 15, 16, 26]
[0, 5, 3, 13, 17, 18, 15, 16, 11, 26]
[0, 5, 3, 13, 17, 18, 15, 16, 14, 26]
[0, 5, 3, 13, 18, 15, 16, 14, 12, 26]
[0, 20, 13, 18, 15, 16, 14, 12, 23, 26]
[0, 20, 13, 18, 15, 14, 12, 23, 22, 21, 26]
[0, 20, 13, 18, 15, 14, 12, 4, 2, 1, 26]
[0, 20, 13, 5, 3, 13, 18, 15, 16, 26]
[0, 20, 5, 3, 13, 17, 18, 15, 16, 11, 26]
[0, 5, 3, 13, 17, 18, 15, 16, 11, 9, 26]
[0, 20, 5, 3, 13, 17, 18, 15, 16, 14, 26]
[0, 5, 3, 13, 17, 18, 15, 16, 14, 9, 26]
[0, 20, 13, 17, 18, 15, 16, 14, 12, 26]
[0, 5, 3, 13, 18, 15, 16, 14, 12, 23, 26]
[0, 13, 18, 15, 16, 14, 12, 23, 22, 26]
[0, 13, 18, 15, 16, 14, 12, 23, 21, 26]
[0, 13, 15, 16, 14, 12, 4, 2, 1, 26]
[0, 8, 10, 26]
[0, 8, 10, 11, 26]
[0, 8, 10, 23, 26]
[0, 8, 10, 1, 26]
[0, 7, 8, 10, 26]
[0, 3, 7, 8, 10, 26]
[0, 7, 8, 10, 11, 26]
[0, 7, 8, 10, 23, 26]
[0, 7, 8, 10, 1, 26]
[0, 5, 3, 7, 8, 10, 26]
[0, 3, 7, 8, 10, 11, 26]
[0, 7, 8, 10, 11, 9, 26]
[0, 7, 8, 10, 9, 1, 26]
[0, 17, 18, 19, 8, 10, 26]
[0, 3, 7, 8, 10, 11, 9, 26]
[0, 7, 8, 10, 9, 6, 26]
[0, 7, 8, 10, 11, 9, 4, 26]
[0, 7, 8, 10, 23, 22, 26]
[0, 7, 8, 10, 23, 21, 26]
[0, 7, 8, 10, 11, 9, 1, 26]
[0, 24, 17, 18, 19, 8, 10, 26]
[0, 17, 18, 19, 8, 10, 11, 26]
[0, 5, 3, 7, 8, 10, 11, 9, 26]
[0, 8, 19, 16, 14, 9, 26]
[0, 7, 8, 10, 11, 9, 6, 26]
[0, 7, 8, 10, 22, 21, 26]
[0, 7, 8, 10, 11, 9, 4, 1, 26]
[0, 20, 24, 17, 18, 19, 8, 10, 26]
[0, 7, 8, 19, 15, 10, 26]
[0, 7, 8, 19, 16, 14, 26]
[0, 7, 8, 10, 11, 9, 6, 4, 26]
[0, 7, 8, 10, 23, 22, 21, 26]
[0, 7, 8, 10, 11, 9, 6, 1, 26]
[0, 13, 17, 18, 19, 8, 10, 26]
[0, 3, 7, 8, 19, 15, 10, 26]
[0, 7, 8, 19, 15, 10, 11, 26]
[0, 3, 7, 8, 19, 16, 14, 26]
[0, 7, 8, 19, 16, 14, 9, 26]
[0, 7, 8, 19, 16, 14, 23, 26]
[0, 7, 8, 10, 11, 23, 22, 21, 26]
[0, 7, 8, 10, 11, 9, 6, 4, 1, 26]
[0, 20, 13, 17, 18, 19, 8, 10, 26]
[0, 5, 3, 7, 8, 19, 15, 10, 26]
[0, 3, 7, 8, 19, 15, 10, 11, 26]
[0, 7, 8, 19, 15, 10, 11, 9, 26]
[0, 8, 19, 15, 16, 14, 26]
[0, 7, 8, 19, 16, 14, 12, 26]
[0, 7, 8, 10, 11, 9, 6, 23, 22, 26]
[0, 7, 8, 10, 11, 9, 23, 22, 21, 26]
[0, 7, 8, 19, 16, 14, 9, 1, 26]
[0, 20, 24, 13, 17, 18, 19, 8, 10, 26]
[0, 13, 17, 18, 19, 15, 10, 26]
[0, 7, 8, 19, 15, 16, 26]
[0, 3, 8, 19, 15, 16, 14, 26]
[0, 8, 19, 15, 16, 14, 9, 26]
[0, 7, 8, 19, 16, 14, 9, 6, 26]
[0, 7, 8, 19, 16, 14, 12, 23, 26]
[0, 7, 8, 19, 16, 14, 23, 22, 26]
[0, 7, 8, 19, 16, 14, 23, 21, 26]
[0, 7, 8, 19, 16, 14, 9, 4, 1, 26]
[0, 20, 13, 17, 18, 19, 15, 10, 26]
[0, 13, 17, 18, 19, 15, 10, 11, 26]
[0, 3, 7, 8, 19, 15, 16, 26]
[0, 7, 8, 19, 15, 16, 11, 26]
[0, 7, 8, 19, 15, 16, 14, 26]
[0, 7, 8, 10, 11, 9, 6, 23, 22, 21, 26]
[0, 7, 8, 19, 16, 14, 9, 6, 1, 26]
[0, 20, 24, 13, 17, 18, 19, 15, 10, 26]
[0, 3, 7, 8, 19, 15, 16, 11, 26]
[0, 7, 8, 19, 15, 16, 11, 9, 26]
[0, 3, 7, 8, 19, 15, 16, 14, 26]
[0, 7, 8, 19, 15, 16, 14, 9, 26]
[0, 7, 8, 19, 15, 16, 14, 23, 26]
[0, 7, 8, 19, 16, 14, 23, 22, 21, 26]
[0, 7, 8, 19, 16, 14, 9, 6, 4, 1, 26]
[0, 20, 24, 13, 17, 18, 19, 15, 10, 11, 26]
[0, 13, 17, 18, 19, 15, 16, 26]
[0, 5, 3, 7, 8, 19, 15, 16, 11, 26]
[0, 3, 7, 8, 19, 15, 16, 11, 9, 26]
[0, 5, 3, 7, 8, 19, 15, 16, 14, 26]
[0, 3, 7, 8, 19, 15, 16, 14, 9, 26]
[0, 7, 8, 19, 15, 16, 14, 6, 26]
[0, 7, 8, 19, 15, 16, 14, 12, 26]
[0, 7, 8, 19, 15, 16, 14, 9, 1, 26]
[0, 20, 13, 17, 18, 19, 15, 16, 26]
[0, 13, 17, 18, 19, 15, 16, 11, 26]
[0, 5, 3, 7, 8, 19, 15, 16, 11, 9, 26]
[0, 13, 17, 18, 19, 15, 16, 14, 26]
[0, 5, 3, 7, 8, 19, 15, 16, 14, 9, 26]
[0, 7, 8, 19, 15, 16, 14, 9, 6, 26]
[0, 7, 8, 19, 15, 16, 14, 12, 23, 26]
[0, 7, 8, 19, 15, 16, 14, 23, 22, 26]
[0, 7, 8, 19, 15, 16, 14, 23, 21, 26]
[0, 7, 8, 19, 15, 16, 14, 9, 4, 1, 26]
[0, 20, 24, 13, 17, 18, 19, 15, 16, 26]
[0, 20, 13, 17, 18, 19, 15, 16, 11, 26]
[0, 13, 17, 18, 19, 15, 16, 11, 9, 26]
[0, 20, 13, 17, 18, 19, 15, 16, 14, 26]
[0, 13, 17, 18, 19, 15, 16, 14, 9, 26]
[0, 3, 7, 8, 19, 15, 16, 14, 9, 6, 26]
[0, 7, 8, 19, 15, 16, 14, 12, 6, 26]
[0, 7, 8, 19, 15, 16, 14, 9, 6, 4, 26]
[0, 7, 8, 19, 15, 16, 14, 22, 21, 26]
[0, 7, 8, 19, 15, 16, 14, 9, 6, 1, 26]
[0, 13, 17, 18, 19, 8, 10, 15, 16, 26]
[0, 20, 24, 13, 17, 18, 19, 15, 16, 11, 26]
[0, 20, 13, 17, 18, 19, 15, 16, 11, 9, 26]
[0, 20, 24, 13, 17, 18, 19, 15, 16, 14, 26]
[0, 20, 13, 17, 18, 19, 15, 16, 14, 9, 26]
[0, 5, 3, 7, 8, 19, 15, 16, 14, 9, 6, 26]
[0, 3, 7, 8, 19, 15, 16, 14, 12, 6, 26]
[0, 7, 8, 19, 15, 16, 14, 12, 6, 4, 26]
[0, 7, 8, 19, 15, 16, 14, 12, 23, 22, 26]
[0, 7, 8, 19, 15, 16, 14, 23, 22, 21, 26]
[0, 7, 8, 19, 15, 16, 14, 9, 6, 4, 1, 26]
[0, 5, 8, 6, 26]
[0, 5, 8, 9, 6, 26]
[0, 24, 25, 23, 26]
[0, 5, 3, 7, 8, 9, 26]
[0, 5, 3, 8, 9, 6, 26]
[0, 8, 6, 2, 26]
[0, 24, 25, 8, 9, 26]
[0, 5, 7, 8, 9, 6, 26]
[0, 5, 8, 6, 2, 26]
[0, 24, 25, 8, 11, 9, 26]
[0, 5, 3, 7, 8, 9, 6, 26]
[0, 5, 8, 9, 6, 2, 26]
[0, 24, 25, 7, 8, 9, 26]
[0, 24, 25, 8, 9, 6, 26]
[0, 5, 3, 8, 9, 6, 2, 26]
[0, 24, 25, 7, 8, 11, 9, 26]
[0, 24, 25, 8, 11, 9, 6, 26]
[0, 24, 25, 8, 9, 6, 4, 26]
[0, 5, 7, 8, 9, 6, 2, 26]
[0, 5, 3, 13, 17, 18, 8, 9, 26]
[0, 24, 25, 7, 8, 9, 6, 26]
[0, 5, 3, 7, 8, 9, 6, 2, 26]
[0, 5, 3, 13, 17, 18, 19, 8, 9, 26]
[0, 24, 25, 7, 8, 11, 9, 6, 26]
[0, 24, 17, 18, 19, 16, 14, 12, 26]
[0, 17, 18, 19, 16, 14, 12, 23, 26]
[0, 24, 25, 8, 9, 6, 2, 26]
[0, 5, 3, 13, 17, 18, 19, 8, 11, 9, 26]
[0, 5, 13, 17, 18, 19, 16, 14, 26]
[0, 5, 3, 13, 17, 18, 8, 9, 6, 26]
[0, 13, 17, 18, 19, 16, 12, 26]
[0, 17, 18, 19, 16, 14, 12, 6, 26]
[0, 24, 17, 18, 19, 16, 14, 12, 23, 26]
[0, 24, 25, 8, 9, 6, 4, 2, 26]
[0, 5, 3, 13, 17, 18, 19, 16, 11, 26]
[0, 5, 13, 17, 18, 19, 16, 11, 9, 26]
[0, 5, 3, 13, 17, 18, 19, 16, 14, 26]
[0, 5, 13, 17, 18, 19, 16, 14, 9, 26]
[0, 5, 3, 13, 17, 18, 19, 8, 9, 6, 26]
[0, 13, 17, 18, 19, 16, 14, 12, 26]
[0, 24, 17, 18, 19, 16, 14, 12, 6, 26]
[0, 13, 17, 18, 19, 16, 12, 23, 26]
[0, 24, 25, 7, 8, 9, 6, 2, 26]
[0, 5, 3, 13, 17, 18, 19, 16, 11, 9, 26]
[0, 5, 3, 13, 17, 18, 19, 16, 14, 9, 26]
[0, 5, 3, 13, 17, 18, 19, 8, 11, 9, 6, 26]
[0, 5, 13, 17, 18, 19, 16, 14, 12, 26]
[0, 13, 17, 18, 19, 16, 14, 12, 23, 26]
[0, 17, 18, 19, 16, 12, 6, 2, 26]
[0, 5, 13, 17, 18, 19, 16, 14, 9, 6, 26]
[0, 5, 3, 13, 17, 18, 19, 16, 14, 12, 26]
[0, 13, 17, 18, 19, 16, 14, 12, 6, 26]
[0, 5, 13, 17, 18, 19, 16, 14, 12, 23, 26]
[0, 17, 18, 19, 16, 14, 12, 6, 2, 26]
[0, 5, 13, 17, 18, 19, 15, 16, 14, 26]
[0, 5, 3, 13, 17, 18, 19, 16, 14, 9, 6, 26]
[0, 13, 17, 18, 15, 16, 14, 12, 26]
[0, 5, 13, 17, 18, 19, 16, 14, 12, 6, 26]
[0, 5, 3, 13, 17, 18, 19, 16, 14, 12, 23, 26]
[0, 24, 17, 18, 19, 16, 14, 12, 6, 2, 26]
[0, 5, 13, 17, 18, 19, 15, 16, 11, 9, 26]
[0, 5, 3, 13, 17, 18, 19, 15, 16, 14, 26]
[0, 5, 13, 17, 18, 19, 15, 16, 14, 9, 26]
[0, 5, 3, 13, 17, 24, 25, 7, 8, 9, 6, 26]
[0, 13, 17, 18, 19, 15, 16, 14, 12, 26]
[0, 5, 3, 13, 17, 18, 19, 16, 14, 12, 6, 26]
[0, 13, 17, 18, 19, 16, 12, 6, 2, 26]
[0, 3, 8, 4, 26]
[0, 8, 4, 1, 26]
[0, 5, 3, 8, 4, 26]
[0, 3, 8, 4, 1, 26]
[0, 5, 3, 8, 10, 4, 26]
[0, 8, 4, 2, 26]
[0, 3, 8, 4, 21, 26]
[0, 5, 3, 8, 4, 1, 26]
[0, 5, 3, 17, 8, 10, 26]
[0, 5, 3, 17, 8, 4, 26]
[0, 3, 8, 4, 2, 26]
[0, 5, 3, 8, 4, 21, 26]
[0, 8, 4, 2, 1, 26]
[0, 3, 8, 4, 1, 21, 26]
[0, 13, 17, 8, 4, 26]
[0, 5, 3, 8, 4, 2, 26]
[0, 3, 8, 4, 2, 1, 26]
[0, 5, 3, 13, 17, 8, 26]
[0, 5, 3, 17, 8, 6, 4, 26]
[0, 5, 3, 8, 10, 4, 2, 26]
[0, 3, 8, 4, 2, 21, 26]
[0, 5, 3, 8, 4, 2, 1, 26]
[0, 5, 3, 13, 17, 3, 8, 26]
[0, 5, 3, 13, 17, 8, 10, 26]
[0, 5, 3, 13, 17, 8, 4, 26]
[0, 5, 3, 17, 8, 4, 2, 26]
[0, 5, 3, 8, 4, 2, 21, 26]
[0, 5, 3, 8, 10, 4, 2, 1, 26]
[0, 3, 8, 4, 2, 1, 21, 26]
[0, 5, 3, 13, 17, 3, 8, 10, 26]
[0, 5, 3, 13, 17, 3, 8, 4, 26]
[0, 13, 17, 8, 4, 2, 26]
[0, 5, 3, 8, 10, 4, 2, 21, 26]
[0, 5, 3, 17, 8, 4, 2, 1, 26]
[0, 5, 3, 8, 4, 2, 1, 21, 26]
[0, 5, 3, 13, 17, 3, 7, 8, 26]
[0, 5, 3, 13, 17, 18, 8, 10, 26]
[0, 5, 3, 13, 17, 8, 6, 4, 26]
[0, 5, 3, 17, 8, 6, 4, 2, 26]
[0, 5, 3, 17, 8, 4, 2, 21, 26]
[0, 13, 17, 8, 4, 2, 1, 26]
[0, 5, 3, 8, 10, 4, 2, 1, 21, 26]
[0, 5, 3, 13, 17, 3, 7, 8, 10, 26]
[0, 5, 3, 13, 17, 3, 8, 6, 4, 26]
[0, 5, 3, 13, 17, 8, 4, 2, 26]
[0, 13, 17, 8, 4, 2, 21, 26]
[0, 5, 3, 17, 8, 6, 4, 2, 1, 26]
[0, 5, 3, 17, 8, 4, 2, 1, 21, 26]
[0, 5, 3, 13, 17, 8, 10, 11, 6, 4, 26]
[0, 5, 3, 13, 17, 3, 8, 4, 2, 26]
[0, 5, 3, 17, 8, 6, 4, 2, 21, 26]
[0, 5, 3, 13, 17, 8, 4, 2, 1, 26]
[0, 13, 17, 8, 4, 2, 1, 21, 26]
[0, 5, 3, 17, 15, 16, 14, 12, 26]
[0, 5, 3, 13, 17, 3, 7, 8, 6, 4, 26]
[0, 5, 3, 13, 17, 8, 6, 4, 2, 26]
[0, 5, 3, 13, 17, 8, 4, 2, 21, 26]
[0, 5, 3, 13, 17, 3, 8, 4, 2, 1, 26]
[0, 5, 3, 17, 8, 6, 4, 2, 1, 21, 26]
[0, 5, 3, 17, 15, 16, 14, 12, 4, 26]
[0, 5, 3, 13, 17, 3, 8, 6, 4, 2, 26]
[0, 5, 3, 13, 17, 3, 8, 4, 2, 21, 26]
[0, 5, 3, 13, 17, 8, 6, 4, 2, 1, 26]
[0, 5, 3, 13, 17, 8, 4, 2, 1, 21, 26]
[0, 5, 3, 13, 17, 15, 16, 12, 26]
[0, 5, 3, 17, 15, 16, 12, 6, 4, 26]
[0, 5, 3, 13, 17, 8, 10, 11, 6, 4, 2, 26]
[0, 5, 3, 13, 17, 8, 6, 4, 2, 21, 26]
[0, 5, 3, 13, 17, 3, 8, 6, 4, 2, 1, 26]
[0, 5, 3, 13, 17, 3, 8, 4, 2, 1, 21, 26]
[0, 5, 3, 13, 17, 15, 16, 14, 12, 26]
[0, 5, 3, 13, 17, 15, 16, 12, 4, 26]
[0, 5, 3, 13, 17, 3, 7, 8, 6, 4, 2, 26]
[0, 5, 3, 13, 17, 3, 8, 6, 4, 2, 21, 26]
[0, 5, 3, 13, 17, 8, 10, 11, 6, 4, 2, 1, 26]
[0, 5, 3, 13, 17, 8, 6, 4, 2, 1, 21, 26]
[0, 5, 3, 13, 17, 18, 19, 15, 16, 11, 26]
[0, 5, 3, 13, 17, 18, 15, 16, 12, 26]
[0, 5, 3, 13, 17, 15, 16, 14, 12, 4, 26]
[0, 5, 3, 17, 15, 16, 14, 12, 4, 2, 26]
[0, 5, 3, 13, 17, 8, 10, 11, 6, 4, 2, 21, 26]
[0, 5, 3, 13, 17, 3, 7, 8, 6, 4, 2, 1, 26]
[0, 5, 3, 13, 17, 3, 8, 6, 4, 2, 1, 21, 26]
[0, 25, 21, 26]
[0, 17, 19, 12, 22, 26]
[0, 17, 19, 12, 21, 26]
[0, 17, 19, 15, 10, 26]
[0, 17, 19, 15, 11, 26]
[0, 25, 22, 21, 26]
[0, 17, 19, 15, 10, 11, 26]
[0, 17, 19, 15, 12, 26]
[0, 5, 3, 17, 19, 15, 11, 26]
[0, 17, 19, 15, 10, 11, 9, 26]
[0, 3, 17, 19, 15, 12, 26]
[0, 17, 19, 15, 12, 4, 26]
[0, 5, 3, 17, 19, 15, 10, 11, 26]
[0, 17, 19, 15, 11, 9, 6, 26]
[0, 5, 3, 17, 19, 15, 12, 26]
[0, 17, 19, 15, 12, 6, 26]
[0, 17, 19, 15, 12, 22, 26]
[0, 17, 19, 15, 12, 21, 26]
[0, 13, 17, 19, 15, 10, 11, 26]
[0, 5, 3, 17, 19, 15, 10, 11, 9, 26]
[0, 17, 19, 15, 10, 11, 9, 6, 26]
[0, 13, 17, 19, 15, 12, 26]
[0, 17, 19, 15, 12, 6, 4, 26]
[0, 17, 19, 15, 12, 2, 26]
[0, 5, 3, 13, 17, 19, 15, 11, 26]
[0, 13, 17, 19, 15, 10, 11, 9, 26]
[0, 5, 3, 17, 19, 15, 11, 9, 6, 26]
[0, 17, 19, 15, 16, 12, 26]
[0, 5, 3, 17, 19, 15, 12, 6, 26]
[0, 5, 3, 17, 19, 15, 12, 22, 26]
[0, 17, 19, 15, 12, 4, 2, 26]
[0, 17, 19, 15, 12, 22, 21, 26]
[0, 5, 3, 13, 17, 19, 15, 10, 11, 26]
[0, 5, 3, 17, 19, 15, 10, 11, 9, 6, 26]
[0, 5, 3, 13, 17, 19, 15, 12, 26]
[0, 13, 17, 19, 15, 12, 6, 26]
[0, 5, 3, 17, 19, 15, 12, 6, 4, 26]
[0, 17, 19, 15, 12, 6, 2, 26]
[0, 3, 17, 19, 15, 12, 22, 21, 26]
[0, 17, 19, 15, 12, 4, 2, 1, 26]
[0, 5, 3, 13, 17, 19, 15, 10, 11, 9, 26]
[0, 13, 17, 19, 15, 10, 11, 9, 6, 26]
[0, 5, 3, 17, 19, 15, 16, 12, 26]
[0, 17, 19, 15, 16, 12, 6, 26]
[0, 13, 17, 19, 15, 12, 6, 4, 26]
[0, 17, 19, 15, 12, 6, 4, 2, 26]
[0, 5, 3, 17, 19, 15, 12, 22, 21, 26]
[0, 5, 3, 13, 17, 19, 15, 11, 9, 6, 26]
[0, 13, 17, 19, 15, 16, 12, 26]
[0, 5, 3, 13, 17, 19, 15, 12, 6, 26]
[0, 17, 19, 15, 16, 12, 6, 4, 26]
[0, 5, 3, 13, 17, 19, 15, 12, 22, 26]
[0, 5, 3, 17, 19, 15, 12, 6, 2, 26]
[0, 17, 19, 15, 12, 2, 22, 21, 26]
[0, 17, 19, 15, 12, 6, 4, 2, 1, 26]
[0, 5, 3, 13, 17, 19, 15, 10, 11, 9, 6, 26]
[0, 5, 3, 17, 19, 15, 16, 12, 6, 26]
[0, 5, 3, 13, 17, 19, 15, 12, 6, 4, 26]
[0, 5, 3, 17, 19, 15, 12, 6, 4, 2, 26]
[0, 17, 19, 15, 12, 4, 2, 22, 21, 26]
[0, 13, 17, 19, 15, 16, 11, 9, 6, 26]
[0, 5, 3, 13, 17, 19, 15, 16, 12, 26]
[0, 13, 17, 19, 15, 16, 12, 6, 26]
[0, 5, 3, 17, 19, 15, 16, 12, 6, 4, 26]
[0, 13, 17, 19, 15, 12, 6, 4, 2, 26]
[0, 17, 19, 15, 12, 6, 2, 22, 21, 26]
[0, 5, 3, 13, 17, 18, 19, 15, 10, 11, 9, 6, 26]
[0, 5, 3, 13, 17, 19, 15, 16, 14, 12, 26]
[0, 3, 13, 17, 19, 15, 16, 12, 6, 26]
[0, 13, 17, 19, 15, 16, 12, 6, 4, 26]
[0, 17, 19, 15, 16, 12, 6, 4, 2, 26]
[0, 17, 19, 15, 12, 6, 4, 2, 22, 21, 26]
[0, 3, 8, 11, 21, 26]
[0, 3, 8, 11, 9, 6, 26]
[0, 3, 8, 10, 11, 9, 4, 26]
[0, 3, 8, 11, 2, 26]
[0, 3, 8, 10, 11, 21, 26]
[0, 3, 8, 10, 11, 9, 6, 26]
[0, 3, 8, 11, 9, 2, 26]
[0, 3, 8, 10, 15, 11, 26]
[0, 5, 3, 8, 10, 11, 9, 6, 26]
[0, 3, 8, 10, 11, 9, 6, 4, 26]
[0, 3, 8, 10, 11, 9, 2, 26]
[0, 3, 8, 11, 9, 2, 1, 26]
[0, 5, 3, 8, 10, 15, 11, 26]
[0, 3, 8, 10, 15, 11, 9, 26]
[0, 3, 7, 8, 10, 11, 9, 6, 26]
[0, 5, 3, 8, 10, 11, 9, 6, 4, 26]
[0, 3, 8, 10, 11, 9, 4, 2, 26]
[0, 3, 8, 10, 11, 9, 2, 1, 26]
[0, 3, 7, 8, 10, 15, 11, 26]
[0, 5, 3, 8, 10, 15, 11, 9, 26]
[0, 5, 3, 7, 8, 10, 11, 9, 6, 26]
[0, 3, 8, 10, 15, 14, 12, 26]
[0, 3, 7, 8, 10, 11, 9, 6, 4, 26]
[0, 3, 8, 10, 11, 9, 6, 2, 26]
[0, 3, 8, 10, 11, 9, 4, 2, 1, 26]
[0, 20, 25, 18, 15, 11, 26]
[0, 3, 7, 8, 10, 15, 11, 9, 26]
[0, 3, 8, 10, 15, 11, 9, 6, 26]
[0, 3, 8, 10, 11, 9, 6, 4, 2, 26]
[0, 3, 8, 10, 11, 9, 6, 2, 1, 26]
[0, 20, 25, 18, 15, 10, 11, 26]
[0, 5, 3, 8, 10, 15, 11, 9, 6, 26]
[0, 3, 8, 10, 15, 11, 9, 6, 4, 26]
[0, 5, 3, 8, 10, 11, 9, 6, 4, 2, 26]
[0, 3, 8, 10, 11, 9, 6, 4, 2, 1, 26]
[0, 20, 25, 18, 19, 15, 10, 11, 26]
[0, 20, 25, 18, 15, 10, 11, 9, 26]
[0, 3, 7, 8, 10, 15, 11, 9, 6, 26]
[0, 5, 3, 8, 10, 15, 11, 9, 6, 4, 26]
[0, 3, 7, 8, 10, 11, 9, 6, 4, 2, 26]
[0, 3, 8, 10, 11, 9, 6, 4, 2, 21, 26]
[0, 5, 3, 8, 10, 11, 9, 6, 4, 2, 1, 26]
[0, 20, 24, 25, 18, 19, 15, 10, 11, 26]
[0, 20, 25, 18, 19, 15, 10, 11, 9, 26]
[0, 20, 25, 18, 15, 11, 9, 6, 26]
[0, 3, 8, 10, 15, 16, 14, 12, 26]
[0, 3, 8, 10, 15, 11, 9, 6, 2, 26]
[0, 5, 3, 8, 10, 11, 9, 6, 4, 2, 21, 26]
[0, 3, 7, 8, 10, 11, 9, 6, 4, 2, 1, 26]
[0, 20, 25, 18, 15, 16, 11, 26]
[0, 20, 24, 25, 18, 19, 15, 10, 11, 9, 26]
[0, 20, 25, 18, 15, 10, 11, 9, 6, 26]
[0, 5, 3, 8, 10, 15, 16, 14, 12, 26]
[0, 20, 25, 18, 15, 11, 9, 6, 4, 26]
[0, 3, 8, 10, 15, 11, 9, 6, 4, 2, 26]
[0, 3, 8, 10, 15, 11, 9, 6, 2, 1, 26]
[0, 20, 25, 18, 19, 15, 16, 11, 26]
[0, 20, 25, 18, 15, 16, 11, 9, 26]
[0, 20, 25, 18, 19, 15, 10, 11, 9, 6, 26]
[0, 3, 7, 8, 10, 15, 16, 14, 12, 26]
[0, 3, 8, 10, 15, 16, 14, 12, 6, 26]
[0, 20, 25, 18, 15, 10, 11, 9, 6, 4, 26]
[0, 5, 3, 8, 10, 15, 11, 9, 6, 4, 2, 26]
[0, 3, 8, 10, 15, 11, 9, 6, 4, 2, 1, 26]
[0, 20, 24, 25, 18, 19, 15, 16, 11, 26]
[0, 20, 25, 18, 19, 15, 16, 11, 9, 26]
[0, 20, 24, 25, 18, 19, 15, 10, 11, 9, 6, 26]
[0, 20, 25, 18, 15, 16, 14, 12, 26]
[0, 5, 3, 8, 10, 15, 16, 14, 12, 6, 26]
[0, 3, 8, 10, 15, 16, 14, 12, 6, 4, 26]
[0, 3, 7, 8, 10, 15, 11, 9, 6, 4, 2, 26]
[0, 3, 8, 10, 15, 11, 9, 6, 4, 2, 21, 26]
[0, 5, 3, 8, 10, 15, 11, 9, 6, 4, 2, 1, 26]
[0, 20, 24, 25, 18, 19, 15, 16, 11, 9, 26]
[0, 20, 25, 18, 15, 16, 11, 9, 6, 26]
[0, 20, 25, 18, 19, 15, 16, 14, 12, 26]
[0, 3, 7, 8, 10, 15, 16, 14, 12, 6, 26]
[0, 5, 3, 8, 10, 15, 16, 14, 12, 6, 4, 26]
[0, 20, 25, 18, 15, 11, 9, 6, 4, 2, 26]
[0, 5, 3, 8, 10, 15, 11, 9, 6, 4, 2, 21, 26]
[0, 3, 7, 8, 10, 15, 11, 9, 6, 4, 2, 1, 26]
[0, 5, 7, 1, 26]
[0, 5, 7, 8, 26]
[0, 5, 3, 7, 8, 26]
[0, 5, 7, 8, 10, 26]
[0, 5, 7, 8, 11, 26]
[0, 5, 7, 8, 1, 26]
[0, 5, 7, 8, 10, 11, 26]
[0, 5, 7, 8, 11, 9, 26]
[0, 5, 7, 8, 21, 26]
[0, 5, 7, 8, 11, 1, 26]
[0, 5, 3, 7, 8, 10, 11, 26]
[0, 5, 7, 8, 10, 11, 9, 26]
[0, 5, 7, 8, 11, 6, 26]
[0, 5, 7, 8, 11, 21, 26]
[0, 5, 7, 8, 11, 9, 1, 26]
[0, 5, 7, 8, 15, 26]
[0, 5, 7, 8, 11, 9, 6, 26]
[0, 5, 7, 8, 11, 23, 21, 26]
[0, 5, 7, 8, 2, 1, 26]
[0, 5, 7, 8, 15, 10, 26]
[0, 5, 7, 8, 15, 11, 26]
[0, 5, 7, 8, 15, 14, 26]
[0, 5, 7, 8, 11, 22, 21, 26]
[0, 5, 7, 8, 11, 2, 1, 26]
[0, 5, 7, 8, 10, 15, 11, 26]
[0, 5, 7, 8, 10, 15, 14, 26]
[0, 5, 7, 8, 11, 23, 22, 21, 26]
[0, 5, 7, 8, 11, 9, 2, 1, 26]
[0, 5, 3, 7, 8, 10, 15, 11, 26]
[0, 5, 7, 8, 10, 15, 11, 9, 26]
[0, 5, 3, 7, 8, 10, 15, 14, 26]
[0, 5, 7, 8, 10, 15, 14, 9, 26]
[0, 5, 7, 8, 15, 14, 6, 26]
[0, 5, 7, 8, 15, 14, 12, 26]
[0, 5, 7, 8, 15, 14, 21, 26]
[0, 5, 7, 8, 11, 6, 2, 1, 26]
[0, 5, 7, 8, 11, 2, 1, 21, 26]
[0, 5, 13, 17, 18, 15, 14, 26]
[0, 5, 3, 7, 8, 10, 15, 14, 9, 26]
[0, 5, 7, 8, 15, 14, 9, 6, 26]
[0, 5, 7, 8, 10, 15, 14, 12, 26]
[0, 5, 7, 8, 15, 14, 23, 21, 26]
[0, 5, 7, 8, 15, 14, 12, 1, 26]
[0, 5, 7, 8, 15, 16, 14, 26]
[0, 5, 3, 7, 8, 10, 15, 14, 12, 26]
[0, 5, 7, 8, 15, 14, 12, 6, 26]
[0, 5, 7, 8, 15, 14, 12, 21, 26]
[0, 5, 7, 8, 10, 15, 16, 14, 26]
[0, 5, 13, 17, 18, 15, 14, 12, 26]
[0, 5, 7, 8, 10, 15, 14, 12, 6, 26]
[0, 5, 7, 8, 15, 14, 12, 6, 4, 26]
[0, 5, 7, 8, 15, 14, 12, 2, 26]
[0, 5, 7, 8, 15, 14, 12, 23, 21, 26]
[0, 5, 7, 8, 15, 14, 12, 6, 1, 26]
[0, 5, 7, 8, 15, 14, 12, 1, 21, 26]
[0, 5, 3, 7, 8, 10, 15, 16, 14, 26]
[0, 5, 7, 8, 10, 15, 16, 14, 9, 26]
[0, 5, 7, 8, 15, 16, 14, 6, 26]
[0, 5, 7, 8, 15, 16, 14, 12, 26]
[0, 5, 7, 8, 15, 14, 12, 22, 21, 26]
[0, 5, 7, 8, 15, 14, 12, 2, 1, 26]
[0, 5, 3, 7, 8, 10, 15, 16, 14, 9, 26]
[0, 5, 7, 8, 15, 16, 14, 9, 6, 26]
[0, 5, 7, 8, 10, 15, 16, 14, 12, 26]
[0, 5, 7, 8, 15, 14, 12, 6, 2, 26]
[0, 5, 7, 8, 15, 14, 12, 23, 22, 21, 26]
[0, 5, 7, 8, 10, 15, 14, 12, 2, 1, 26]
[0, 5, 7, 8, 10, 15, 16, 14, 9, 6, 26]
[0, 5, 3, 7, 8, 10, 15, 16, 14, 12, 26]
[0, 5, 7, 8, 15, 16, 14, 12, 6, 26]
[0, 5, 7, 8, 15, 14, 12, 6, 4, 2, 26]
[0, 5, 7, 8, 15, 16, 14, 12, 21, 26]
[0, 5, 7, 8, 15, 14, 12, 6, 2, 1, 26]
[0, 5, 7, 8, 15, 14, 12, 2, 1, 21, 26]
[0, 5, 13, 17, 18, 15, 16, 14, 12, 26]
[0, 5, 7, 8, 10, 15, 16, 14, 12, 6, 26]
[0, 5, 7, 8, 15, 16, 14, 12, 6, 4, 26]
[0, 5, 7, 8, 15, 16, 14, 12, 2, 26]
[0, 5, 7, 8, 15, 16, 14, 12, 23, 21, 26]
[0, 5, 7, 8, 15, 14, 12, 6, 4, 2, 1, 26]
[0, 5, 7, 8, 10, 15, 14, 12, 2, 1, 21, 26]
[0, 5, 7, 4, 26]
[0, 5, 3, 7, 4, 26]
[0, 5, 7, 4, 1, 26]
[0, 5, 7, 8, 4, 26]
[0, 5, 7, 8, 9, 4, 26]
[0, 5, 7, 8, 6, 4, 26]
[0, 5, 7, 8, 9, 6, 4, 26]
[0, 5, 7, 8, 11, 9, 6, 4, 26]
[0, 5, 7, 8, 4, 2, 1, 26]
[0, 5, 7, 8, 10, 11, 9, 6, 4, 26]
[0, 5, 7, 8, 6, 4, 2, 26]
[0, 5, 7, 8, 9, 4, 2, 1, 26]
[0, 17, 18, 19, 16, 14, 12, 26]
[0, 5, 3, 7, 8, 10, 11, 9, 6, 4, 26]
[0, 5, 7, 8, 9, 6, 4, 2, 26]
[0, 5, 7, 8, 6, 4, 2, 1, 26]
[0, 5, 17, 18, 19, 16, 14, 12, 26]
[0, 17, 18, 19, 16, 14, 12, 4, 26]
[0, 5, 7, 8, 11, 9, 6, 4, 2, 26]
[0, 5, 7, 8, 9, 6, 4, 2, 1, 26]
[0, 17, 18, 19, 15, 16, 14, 26]
[0, 5, 3, 17, 18, 19, 16, 14, 12, 26]
[0, 5, 17, 18, 19, 16, 14, 12, 4, 26]
[0, 5, 7, 8, 11, 9, 6, 4, 2, 1, 26]
[0, 5, 17, 18, 19, 15, 16, 11, 26]
[0, 5, 17, 18, 19, 15, 16, 14, 26]
[0, 5, 3, 17, 18, 19, 16, 14, 12, 4, 26]
[0, 5, 7, 8, 10, 11, 9, 6, 4, 2, 1, 26]
[0, 5, 3, 17, 18, 19, 15, 16, 11, 26]
[0, 5, 17, 18, 19, 15, 16, 11, 9, 26]
[0, 5, 3, 17, 18, 19, 15, 16, 14, 26]
[0, 5, 17, 18, 19, 15, 16, 14, 9, 26]
[0, 17, 18, 19, 15, 16, 14, 12, 26]
[0, 5, 17, 18, 19, 16, 14, 12, 6, 4, 26]
[0, 5, 3, 17, 18, 19, 15, 16, 14, 9, 26]
[0, 5, 17, 18, 19, 15, 16, 14, 6, 26]
[0, 5, 17, 18, 19, 15, 16, 14, 12, 26]
[0, 17, 18, 19, 15, 16, 14, 12, 4, 26]
[0, 5, 17, 18, 19, 15, 16, 14, 9, 6, 26]
[0, 5, 3, 17, 18, 19, 15, 16, 14, 12, 26]
[0, 5, 17, 18, 19, 15, 16, 14, 12, 4, 26]
[0, 5, 3, 17, 18, 19, 15, 16, 14, 9, 6, 26]
[0, 5, 17, 18, 19, 15, 16, 14, 12, 6, 26]
[0, 5, 3, 17, 18, 19, 15, 16, 14, 12, 4, 26]
[0, 5, 17, 18, 19, 15, 16, 14, 12, 4, 1, 26]
[0, 5, 3, 7, 1, 26]
[0, 5, 3, 7, 22, 26]
[0, 5, 3, 7, 10, 22, 26]
[0, 5, 3, 7, 8, 1, 26]
[0, 5, 3, 7, 8, 22, 26]
[0, 5, 3, 7, 8, 9, 1, 26]
[0, 5, 3, 7, 8, 10, 22, 26]
[0, 5, 3, 7, 8, 6, 1, 26]
[0, 5, 3, 7, 8, 10, 23, 22, 26]
[0, 5, 3, 7, 8, 9, 6, 1, 26]
[0, 5, 3, 7, 8, 10, 11, 23, 22, 26]
[0, 5, 3, 7, 8, 10, 22, 21, 26]
[0, 5, 3, 7, 8, 11, 9, 6, 1, 26]
[0, 5, 3, 7, 8, 9, 6, 23, 22, 26]
[0, 5, 3, 7, 8, 10, 23, 22, 21, 26]
[0, 5, 3, 7, 8, 10, 11, 9, 6, 1, 26]
[0, 5, 3, 7, 8, 11, 9, 6, 23, 22, 26]
[0, 5, 3, 7, 8, 10, 11, 23, 22, 21, 26]
[0, 5, 3, 7, 8, 9, 6, 2, 1, 26]
[0, 5, 3, 7, 8, 10, 11, 9, 6, 23, 22, 26]
[0, 5, 3, 7, 8, 11, 9, 6, 2, 1, 26]
[0, 5, 3, 13, 17, 18, 19, 14, 12, 22, 26]
[0, 5, 3, 7, 8, 10, 11, 9, 6, 2, 1, 26]
[0, 5, 3, 13, 17, 18, 15, 14, 12, 26]
[0, 5, 3, 17, 18, 19, 15, 14, 12, 22, 26]
[0, 5, 3, 13, 17, 18, 19, 15, 14, 12, 26]
[0, 5, 3, 17, 18, 19, 15, 14, 12, 23, 22, 26]
[0, 5, 3, 13, 17, 18, 15, 14, 12, 1, 26]
[0, 5, 3, 13, 17, 18, 15, 14, 12, 6, 26]
[0, 5, 3, 13, 17, 18, 15, 14, 12, 22, 26]
[0, 5, 3, 13, 18, 19, 15, 16, 14, 12, 26]
[0, 5, 3, 13, 17, 18, 19, 15, 14, 12, 6, 26]
[0, 5, 3, 13, 17, 18, 19, 15, 14, 12, 22, 26]
[0, 5, 3, 7, 4, 1, 26]
[0, 24, 25, 21, 26]
[0, 24, 25, 23, 21, 26]
[0, 5, 3, 7, 8, 4, 1, 26]
[0, 20, 24, 25, 23, 21, 26]
[0, 5, 3, 7, 8, 9, 4, 1, 26]
[0, 5, 3, 7, 8, 10, 23, 21, 26]
[0, 5, 3, 7, 8, 6, 4, 1, 26]
[0, 5, 3, 7, 8, 6, 4, 21, 26]
[0, 5, 3, 7, 8, 9, 6, 4, 1, 26]
[0, 5, 3, 7, 8, 6, 4, 23, 21, 26]
[0, 5, 3, 7, 8, 11, 9, 6, 4, 1, 26]
[0, 5, 3, 7, 8, 6, 4, 1, 21, 26]
[0, 5, 3, 7, 8, 9, 6, 4, 23, 21, 26]
[0, 5, 3, 7, 8, 6, 4, 2, 1, 26]
[0, 5, 3, 7, 8, 9, 6, 4, 1, 21, 26]
[0, 5, 3, 7, 8, 11, 9, 6, 4, 23, 21, 26]
[0, 5, 3, 7, 8, 9, 6, 4, 2, 1, 26]
[0, 5, 3, 7, 8, 11, 9, 6, 4, 1, 21, 26]
[0, 5, 3, 7, 8, 10, 11, 9, 6, 4, 23, 21, 26]
[0, 5, 3, 7, 8, 11, 9, 6, 4, 2, 1, 26]
[0, 5, 3, 7, 8, 6, 4, 2, 1, 21, 26]
[0, 5, 3, 13, 17, 18, 19, 15, 11, 4, 26]
[0, 5, 3, 13, 17, 18, 19, 15, 21, 26]
[0, 5, 3, 7, 8, 10, 11, 9, 6, 4, 2, 1, 26]
[0, 5, 3, 7, 8, 9, 6, 4, 2, 1, 21, 26]
[0, 5, 3, 13, 17, 18, 19, 15, 12, 4, 26]
[0, 5, 3, 13, 17, 18, 19, 15, 23, 21, 26]
[0, 5, 3, 13, 17, 18, 19, 15, 14, 12, 4, 26]
[0, 5, 3, 13, 17, 18, 19, 15, 12, 21, 26]
[0, 5, 3, 13, 17, 18, 19, 15, 12, 4, 1, 26]
[0, 5, 3, 13, 17, 18, 19, 15, 12, 6, 4, 26]
[0, 5, 3, 13, 17, 18, 19, 15, 12, 23, 21, 26]
[0, 5, 3, 13, 17, 18, 19, 15, 14, 12, 4, 1, 26]
[0, 17, 14, 23, 22, 26]
[0, 17, 19, 14, 23, 22, 26]
[0, 17, 14, 12, 23, 22, 26]
[0, 17, 16, 14, 1, 26]
[0, 17, 16, 14, 22, 26]
[0, 17, 16, 14, 23, 22, 26]
[0, 17, 15, 16, 14, 26]
[0, 17, 19, 16, 14, 23, 22, 26]
[0, 17, 15, 16, 14, 9, 26]
[0, 13, 17, 16, 14, 6, 26]
[0, 17, 16, 14, 12, 23, 22, 26]
[0, 13, 17, 16, 14, 9, 6, 26]
[0, 13, 17, 16, 14, 23, 22, 26]
[0, 13, 17, 15, 16, 14, 26]
[0, 17, 15, 16, 14, 23, 22, 26]
[0, 13, 17, 19, 15, 16, 14, 26]
[0, 13, 17, 15, 16, 14, 9, 26]
[0, 17, 15, 16, 14, 9, 6, 4, 26]
[0, 13, 17, 16, 14, 12, 23, 22, 26]
[0, 17, 15, 16, 14, 2, 1, 26]
[0, 13, 17, 19, 15, 16, 14, 9, 26]
[0, 13, 17, 15, 16, 14, 6, 26]
[0, 17, 15, 16, 14, 12, 23, 22, 26]
[0, 13, 17, 16, 14, 6, 2, 1, 26]
[0, 13, 17, 15, 16, 14, 9, 6, 26]
[0, 13, 17, 15, 16, 14, 23, 22, 26]
[0, 13, 17, 19, 15, 16, 14, 9, 6, 26]
[0, 13, 17, 15, 16, 14, 12, 6, 26]
[0, 13, 17, 15, 16, 14, 9, 6, 4, 26]
[0, 13, 17, 19, 15, 16, 14, 23, 22, 26]
[0, 17, 15, 16, 14, 9, 6, 2, 1, 26]
[0, 13, 17, 18, 15, 16, 14, 9, 6, 26]
[0, 13, 17, 19, 15, 16, 14, 12, 6, 26]
[0, 13, 17, 15, 16, 14, 12, 6, 4, 26]
[0, 13, 17, 15, 16, 14, 12, 23, 22, 26]
[0, 17, 15, 16, 14, 9, 6, 4, 2, 1, 26]
[0, 8, 6, 2, 1, 26]
[0, 8, 6, 4, 2, 1, 26]
[0, 17, 18, 15, 21, 26]
[0, 17, 18, 15, 23, 22, 26]
[0, 17, 18, 15, 23, 21, 26]
[0, 17, 18, 19, 15, 23, 22, 26]
[0, 17, 18, 15, 22, 21, 26]
[0, 17, 18, 15, 2, 1, 26]
[0, 17, 18, 15, 12, 23, 22, 26]
[0, 17, 18, 15, 23, 22, 21, 26]
[0, 13, 17, 18, 15, 23, 22, 26]
[0, 17, 18, 19, 15, 23, 22, 21, 26]
[0, 17, 18, 15, 12, 2, 1, 26]
[0, 13, 17, 18, 19, 15, 23, 22, 26]
[0, 17, 18, 15, 12, 23, 22, 21, 26]
[0, 17, 18, 19, 15, 12, 2, 1, 26]
[0, 17, 18, 15, 16, 12, 22, 26]
[0, 13, 17, 18, 15, 23, 22, 21, 26]
[0, 17, 18, 19, 15, 14, 12, 2, 1, 26]
[0, 17, 18, 15, 12, 2, 1, 21, 26]
[0, 17, 18, 15, 16, 12, 23, 22, 26]
[0, 13, 17, 18, 19, 15, 23, 22, 21, 26]
[0, 13, 17, 18, 15, 12, 2, 1, 26]
[0, 17, 18, 19, 15, 16, 12, 23, 22, 26]
[0, 17, 18, 15, 16, 12, 22, 21, 26]
[0, 17, 18, 15, 16, 12, 2, 1, 26]
[0, 17, 18, 19, 15, 16, 14, 12, 23, 22, 26]
[0, 17, 18, 15, 16, 12, 23, 22, 21, 26]
[0, 17, 18, 19, 15, 16, 12, 2, 1, 26]
[0, 20, 21, 26]
[0, 20, 22, 21, 26]
[0, 20, 25, 22, 21, 26]
[0, 20, 24, 25, 22, 21, 26]
[0, 3, 8, 10, 11, 9, 6, 1, 21, 26]
[0, 3, 8, 10, 11, 9, 6, 4, 1, 21, 26]
[0, 10, 15, 16, 14, 12, 1, 26]
[0, 3, 8, 10, 11, 6, 2, 1, 21, 26]
[0, 10, 15, 16, 14, 12, 21, 26]
[0, 3, 8, 10, 11, 9, 6, 2, 1, 21, 26]
[0, 3, 10, 15, 16, 14, 12, 21, 26]
[0, 10, 15, 16, 14, 12, 6, 1, 26]
[0, 10, 15, 16, 14, 12, 1, 21, 26]
[0, 17, 19, 15, 16, 14, 12, 21, 26]
[0, 3, 8, 10, 15, 16, 14, 12, 21, 26]
[0, 10, 15, 16, 14, 12, 6, 1, 21, 26]
[0, 17, 18, 19, 15, 16, 14, 12, 6, 26]
[0, 17, 18, 19, 15, 16, 14, 12, 21, 26]
[0, 10, 15, 16, 14, 12, 6, 4, 1, 21, 26]
[0, 17, 18, 19, 15, 16, 14, 12, 6, 4, 26]
[0, 3, 8, 10, 15, 16, 14, 12, 22, 21, 26]
[0, 17, 18, 19, 15, 16, 14, 12, 6, 1, 26]
[0, 17, 19, 15, 16, 14, 12, 6, 1, 21, 26]
[0, 7, 11, 14, 26]
[0, 7, 10, 11, 14, 26]
[0, 7, 11, 14, 1, 26]
[0, 3, 7, 10, 11, 14, 26]
[0, 7, 10, 11, 14, 9, 26]
[0, 7, 10, 11, 14, 1, 26]
[0, 5, 3, 7, 10, 11, 14, 26]
[0, 3, 7, 10, 11, 14, 9, 26]
[0, 7, 10, 11, 14, 12, 26]
[0, 7, 10, 11, 14, 9, 4, 26]
[0, 7, 11, 14, 23, 22, 26]
[0, 7, 10, 11, 14, 4, 1, 26]
[0, 5, 3, 7, 10, 11, 9, 14, 26]
[0, 5, 3, 7, 10, 11, 14, 9, 26]
[0, 7, 10, 11, 14, 9, 6, 26]
[0, 7, 10, 11, 14, 23, 22, 26]
[0, 7, 10, 11, 14, 9, 4, 1, 26]
[0, 7, 10, 11, 16, 14, 26]
[0, 7, 10, 11, 14, 9, 6, 4, 26]
[0, 3, 7, 10, 11, 14, 23, 22, 26]
[0, 7, 11, 14, 23, 22, 21, 26]
[0, 7, 10, 11, 14, 6, 4, 1, 26]
[0, 3, 7, 10, 11, 16, 14, 26]
[0, 7, 10, 11, 16, 14, 9, 26]
[0, 3, 7, 10, 11, 14, 9, 6, 4, 26]
[0, 7, 10, 11, 14, 12, 23, 22, 26]
[0, 7, 10, 11, 14, 23, 22, 21, 26]
[0, 7, 10, 11, 14, 9, 6, 4, 1, 26]
[0, 5, 3, 7, 10, 11, 16, 14, 26]
[0, 3, 7, 10, 11, 16, 14, 9, 26]
[0, 7, 10, 11, 16, 14, 12, 26]
[0, 7, 10, 11, 16, 14, 9, 4, 26]
[0, 3, 7, 10, 11, 14, 12, 23, 22, 26]
[0, 3, 7, 10, 11, 14, 23, 22, 21, 26]
[0, 7, 10, 11, 14, 9, 4, 2, 1, 26]
[0, 3, 7, 8, 10, 11, 16, 14, 26]
[0, 5, 3, 7, 10, 11, 16, 14, 9, 26]
[0, 7, 10, 11, 16, 14, 9, 6, 26]
[0, 7, 10, 11, 16, 14, 23, 22, 26]
[0, 7, 10, 11, 14, 12, 23, 22, 21, 26]
[0, 7, 10, 11, 16, 14, 9, 4, 1, 26]
[0, 25, 7, 10, 11, 16, 14, 26]
[0, 3, 7, 10, 11, 16, 14, 9, 6, 26]
[0, 7, 10, 11, 16, 14, 9, 6, 4, 26]
[0, 3, 7, 10, 11, 16, 14, 23, 22, 26]
[0, 3, 7, 10, 11, 14, 12, 23, 22, 21, 26]
[0, 7, 10, 11, 14, 9, 6, 4, 2, 1, 26]
[0, 20, 25, 7, 10, 11, 16, 14, 26]
[0, 5, 3, 7, 10, 11, 16, 14, 9, 6, 26]
[0, 3, 7, 10, 11, 16, 14, 9, 6, 4, 26]
[0, 7, 10, 11, 16, 14, 12, 23, 22, 26]
[0, 7, 10, 11, 16, 14, 23, 22, 21, 26]
[0, 7, 10, 11, 16, 14, 9, 6, 4, 1, 26]
[0, 20, 24, 25, 7, 10, 11, 16, 14, 26]
[0, 3, 7, 8, 10, 11, 16, 14, 9, 6, 26]
[0, 5, 3, 7, 10, 11, 16, 14, 9, 6, 4, 26]
[0, 3, 7, 10, 11, 16, 14, 12, 23, 22, 26]
[0, 3, 7, 10, 11, 16, 14, 23, 22, 21, 26]
[0, 7, 10, 11, 16, 14, 9, 4, 2, 1, 26]
[0, 20, 25, 7, 8, 10, 11, 16, 14, 26]
[0, 20, 24, 25, 7, 10, 11, 16, 14, 9, 26]
[0, 25, 7, 10, 11, 16, 14, 9, 6, 26]
[0, 3, 7, 8, 10, 11, 16, 14, 9, 6, 4, 26]
[0, 5, 3, 7, 10, 11, 16, 14, 12, 23, 22, 26]
[0, 7, 10, 11, 16, 14, 12, 23, 22, 21, 26]
[0, 5, 3, 7, 10, 11, 16, 14, 9, 6, 4, 1, 26]
[0, 20, 24, 25, 7, 8, 10, 11, 16, 14, 26]
[0, 20, 25, 7, 8, 10, 11, 16, 14, 9, 26]
[0, 20, 25, 7, 10, 11, 16, 14, 9, 6, 26]
[0, 25, 7, 10, 11, 16, 14, 9, 6, 4, 26]
[0, 20, 25, 7, 10, 11, 16, 14, 23, 22, 26]
[0, 3, 7, 10, 11, 16, 14, 12, 23, 22, 21, 26]
[0, 7, 10, 11, 16, 14, 9, 6, 4, 2, 1, 26]
[0, 20, 24, 25, 7, 8, 10, 11, 16, 14, 9, 26]
[0, 20, 24, 25, 7, 10, 11, 16, 14, 9, 6, 26]
[0, 20, 25, 7, 10, 11, 16, 14, 9, 6, 4, 26]
[0, 20, 24, 25, 7, 10, 11, 16, 14, 23, 22, 26]
[0, 5, 3, 7, 10, 11, 16, 14, 12, 23, 22, 21, 26]
[0, 3, 7, 10, 11, 16, 14, 9, 6, 4, 2, 1, 26]
[0, 20, 25, 7, 8, 10, 11, 16, 14, 9, 6, 26]
[0, 20, 24, 25, 7, 10, 11, 16, 14, 9, 6, 4, 26]
[0, 20, 25, 7, 10, 11, 16, 14, 12, 23, 22, 26]
[0, 20, 25, 7, 10, 11, 16, 14, 23, 22, 21, 26]
[0, 5, 3, 7, 10, 11, 16, 14, 9, 6, 4, 2, 1, 26]
[0, 3, 7, 1, 21, 26]
[0, 7, 10, 11, 1, 21, 26]
[0, 7, 10, 11, 9, 1, 21, 26]
[0, 7, 10, 11, 9, 4, 1, 21, 26]
[0, 3, 7, 8, 10, 11, 9, 4, 1, 26]
[0, 7, 8, 10, 11, 9, 1, 21, 26]
[0, 7, 8, 10, 11, 9, 2, 1, 26]
[0, 7, 8, 10, 11, 9, 4, 1, 21, 26]
[0, 13, 19, 16, 14, 12, 1, 26]
[0, 3, 7, 8, 10, 11, 9, 4, 1, 21, 26]
[0, 13, 19, 16, 14, 12, 4, 1, 26]
[0, 7, 8, 10, 11, 9, 2, 1, 21, 26]
[0, 13, 19, 16, 14, 12, 23, 21, 26]
[0, 13, 18, 19, 16, 14, 12, 1, 26]
[0, 13, 19, 16, 14, 12, 1, 21, 26]
[0, 13, 18, 19, 16, 14, 12, 21, 26]
[0, 13, 18, 19, 16, 14, 12, 4, 1, 26]
[0, 13, 19, 16, 14, 12, 4, 1, 21, 26]
[0, 13, 18, 19, 16, 14, 12, 23, 21, 26]
[0, 13, 19, 15, 16, 14, 12, 1, 26]
[0, 13, 18, 19, 16, 14, 12, 1, 21, 26]
[0, 13, 19, 15, 16, 14, 12, 21, 26]
[0, 13, 18, 19, 16, 14, 12, 2, 1, 26]
[0, 13, 18, 19, 16, 14, 12, 4, 1, 21, 26]
[0, 13, 19, 15, 16, 14, 12, 23, 21, 26]
[0, 13, 18, 19, 15, 16, 14, 12, 1, 26]
[0, 13, 19, 15, 16, 14, 12, 1, 21, 26]
[0, 13, 18, 19, 15, 16, 14, 12, 21, 26]
[0, 13, 18, 19, 15, 16, 14, 12, 4, 1, 26]
[0, 13, 18, 19, 16, 14, 12, 2, 1, 21, 26]
[0, 7, 8, 10, 11, 14, 4, 1, 26]
[0, 7, 8, 11, 14, 2, 1, 26]
[0, 7, 8, 11, 14, 4, 2, 1, 26]
[0, 7, 8, 11, 16, 14, 4, 1, 26]
[0, 7, 8, 11, 16, 14, 23, 22, 26]
[0, 7, 8, 10, 11, 16, 14, 4, 1, 26]
[0, 7, 8, 10, 11, 16, 14, 23, 22, 26]
[0, 13, 17, 18, 16, 14, 4, 1, 26]
[0, 13, 17, 18, 16, 14, 23, 22, 26]
[0, 13, 17, 18, 19, 16, 14, 4, 1, 26]
[0, 13, 17, 18, 19, 16, 14, 23, 22, 26]
[0, 7, 8, 10, 11, 16, 14, 4, 2, 1, 26]
[0, 13, 17, 18, 16, 14, 12, 23, 22, 26]
[0, 13, 17, 18, 16, 14, 23, 22, 21, 26]
[0, 13, 17, 18, 16, 14, 4, 2, 1, 26]
[0, 13, 17, 18, 19, 16, 14, 12, 23, 22, 26]
[0, 13, 17, 18, 19, 16, 14, 4, 2, 1, 26]
[0, 13, 17, 18, 15, 16, 14, 12, 4, 26]
[0, 13, 17, 18, 15, 16, 14, 23, 22, 26]
[0, 13, 17, 18, 19, 16, 14, 9, 4, 2, 1, 26]
[0, 13, 17, 18, 8, 2, 1, 26]
[0, 13, 17, 18, 14, 12, 2, 1, 26]
[0, 13, 17, 18, 8, 10, 23, 22, 21, 26]
[0, 13, 17, 18, 15, 14, 12, 1, 26]
[0, 13, 17, 18, 19, 14, 12, 23, 22, 21, 26]
[0, 13, 17, 18, 15, 14, 12, 4, 1, 26]
[0, 13, 17, 15, 14, 12, 23, 22, 21, 26]
[0, 13, 17, 18, 19, 15, 14, 12, 4, 1, 26]
[0, 13, 17, 18, 15, 14, 12, 22, 21, 26]
[0, 13, 17, 18, 15, 14, 12, 2, 1, 26]
[0, 13, 17, 18, 15, 14, 12, 23, 22, 21, 26]
[0, 13, 17, 18, 15, 16, 14, 12, 1, 26]
[0, 10, 11, 14, 12, 1, 26]
[0, 10, 11, 14, 12, 4, 1, 26]
[0, 8, 10, 11, 14, 12, 1, 26]
[0, 25, 10, 11, 14, 12, 26]
[0, 10, 11, 14, 12, 2, 1, 26]
[0, 20, 25, 10, 11, 14, 12, 26]
[0, 25, 10, 11, 14, 12, 1, 26]
[0, 20, 24, 25, 10, 11, 14, 12, 26]
[0, 8, 10, 11, 14, 12, 2, 1, 26]
[0, 25, 10, 11, 14, 12, 23, 22, 26]
[0, 25, 10, 11, 14, 12, 23, 21, 26]
[0, 20, 24, 25, 10, 11, 14, 12, 1, 26]
[0, 25, 10, 11, 16, 14, 12, 26]
[0, 25, 10, 11, 14, 12, 2, 1, 26]
[0, 20, 25, 10, 11, 16, 14, 12, 26]
[0, 20, 25, 10, 11, 14, 12, 2, 1, 26]
[0, 20, 24, 25, 10, 11, 16, 14, 12, 26]
[0, 20, 24, 25, 10, 11, 14, 12, 2, 1, 26]
[0, 20, 25, 8, 10, 11, 16, 14, 12, 26]
[0, 20, 24, 25, 10, 11, 16, 14, 12, 23, 26]
[0, 25, 10, 11, 16, 14, 12, 23, 22, 26]
[0, 25, 10, 11, 16, 14, 12, 23, 21, 26]
[0, 20, 24, 25, 10, 11, 16, 14, 12, 1, 26]
[0, 20, 24, 25, 8, 10, 11, 16, 14, 12, 26]
[0, 20, 25, 10, 11, 16, 14, 12, 23, 22, 26]
[0, 20, 25, 10, 11, 16, 14, 12, 23, 21, 26]
[0, 25, 10, 11, 16, 14, 12, 2, 1, 26]
[0, 20, 25, 7, 8, 10, 11, 16, 14, 12, 26]
[0, 20, 25, 8, 10, 11, 16, 14, 12, 6, 26]
[0, 20, 24, 25, 10, 11, 16, 14, 12, 6, 4, 26]
[0, 20, 24, 25, 10, 11, 16, 14, 12, 23, 22, 26]
[0, 25, 10, 11, 16, 14, 12, 23, 22, 21, 26]
[0, 20, 25, 10, 11, 16, 14, 12, 2, 1, 26]
[0, 20, 24, 25, 7, 8, 10, 11, 16, 14, 12, 26]
[0, 20, 24, 25, 8, 10, 11, 16, 14, 12, 6, 26]
[0, 20, 25, 8, 10, 11, 16, 14, 12, 23, 22, 26]
[0, 20, 25, 10, 11, 16, 14, 12, 6, 2, 26]
[0, 20, 25, 10, 11, 16, 14, 12, 23, 22, 21, 26]
[0, 20, 24, 25, 10, 11, 16, 14, 12, 2, 1, 26]
[0, 10, 11, 4, 1, 26]
[0, 10, 11, 9, 4, 1, 26]
[0, 10, 11, 6, 4, 1, 26]
[0, 10, 11, 23, 22, 21, 26]
[0, 10, 11, 9, 6, 4, 1, 26]
[0, 3, 10, 11, 9, 6, 4, 1, 26]
[0, 25, 10, 11, 9, 4, 1, 26]
[0, 3, 7, 10, 11, 23, 22, 21, 26]
[0, 3, 7, 10, 11, 9, 6, 4, 1, 26]
[0, 25, 10, 11, 23, 22, 21, 26]
[0, 25, 10, 11, 9, 6, 4, 1, 26]
[0, 20, 25, 10, 11, 23, 22, 21, 26]
[0, 20, 25, 10, 11, 9, 6, 4, 1, 26]
[0, 20, 24, 25, 10, 11, 23, 22, 21, 26]
[0, 20, 24, 25, 10, 11, 9, 6, 4, 1, 26]
[0, 25, 18, 19, 15, 11, 9, 4, 26]
[0, 25, 18, 19, 15, 11, 4, 1, 26]
[0, 25, 18, 19, 15, 10, 11, 9, 4, 26]
[0, 25, 18, 19, 15, 11, 9, 4, 1, 26]
[0, 25, 18, 19, 15, 11, 9, 6, 4, 26]
[0, 25, 18, 19, 15, 11, 22, 21, 26]
[0, 25, 18, 19, 15, 10, 11, 9, 4, 1, 26]
[0, 25, 18, 19, 15, 10, 11, 9, 6, 4, 26]
[0, 25, 18, 19, 15, 11, 23, 22, 21, 26]
[0, 25, 18, 19, 15, 11, 9, 6, 4, 1, 26]
[0, 13, 17, 18, 19, 15, 10, 11, 9, 6, 4, 26]
[0, 25, 18, 19, 15, 10, 11, 23, 22, 21, 26]
[0, 25, 18, 19, 15, 10, 11, 9, 6, 4, 1, 26]
[0, 20, 24, 25, 18, 19, 15, 10, 11, 9, 6, 4, 26]
[0, 13, 17, 18, 19, 15, 10, 11, 23, 22, 21, 26]
[0, 13, 17, 18, 19, 15, 10, 11, 9, 6, 4, 1, 26]
[0, 8, 11, 6, 2, 1, 26]
[0, 8, 10, 11, 6, 2, 1, 26]
[0, 8, 10, 11, 6, 4, 2, 1, 26]
[0, 7, 8, 10, 11, 6, 2, 1, 26]
[0, 8, 11, 16, 14, 23, 22, 21, 26]
[0, 7, 8, 10, 11, 6, 4, 2, 1, 26]
[0, 8, 10, 11, 16, 14, 23, 22, 21, 26]
[0, 8, 11, 16, 14, 12, 23, 22, 21, 26]
[0, 8, 10, 11, 16, 14, 12, 2, 1, 26]
[0, 8, 10, 11, 16, 14, 12, 23, 22, 21, 26]
[0, 3, 8, 10, 11, 16, 14, 12, 23, 22, 21, 26]
[0, 8, 10, 11, 16, 14, 12, 6, 2, 1, 26]
[0, 7, 8, 10, 11, 16, 14, 12, 23, 22, 21, 26]
[0, 13, 17, 15, 16, 14, 23, 22, 21, 26]
[0, 25, 8, 4, 1, 26]
[0, 25, 8, 6, 1, 26]
[0, 25, 8, 10, 23, 21, 26]
[0, 25, 8, 6, 4, 1, 26]
[0, 25, 8, 11, 14, 23, 21, 26]
[0, 20, 25, 8, 6, 4, 1, 26]
[0, 20, 25, 8, 11, 14, 23, 21, 26]
[0, 25, 8, 6, 2, 1, 26]
[0, 25, 8, 11, 16, 14, 23, 26]
[0, 20, 24, 25, 8, 11, 14, 23, 21, 26]
[0, 20, 25, 8, 6, 2, 1, 26]
[0, 20, 25, 8, 11, 16, 14, 23, 26]
[0, 20, 24, 25, 8, 10, 11, 14, 23, 21, 26]
[0, 25, 8, 11, 9, 6, 2, 1, 26]
[0, 20, 24, 25, 8, 11, 16, 14, 23, 26]
[0, 25, 8, 11, 16, 14, 23, 21, 26]
[0, 20, 25, 8, 11, 9, 6, 2, 1, 26]
[0, 20, 24, 25, 8, 10, 11, 16, 14, 23, 26]
[0, 20, 25, 8, 11, 16, 14, 23, 21, 26]
[0, 20, 24, 25, 8, 11, 9, 6, 2, 1, 26]
[0, 25, 18, 19, 15, 16, 14, 23, 26]
[0, 20, 24, 25, 8, 11, 16, 14, 23, 21, 26]
[0, 20, 24, 25, 8, 10, 11, 9, 6, 2, 1, 26]
[0, 13, 17, 18, 19, 15, 16, 14, 23, 26]
[0, 20, 24, 25, 8, 10, 11, 16, 14, 23, 21, 26]
[0, 20, 24, 25, 8, 10, 11, 9, 6, 4, 2, 1, 26]
[0, 20, 24, 25, 18, 19, 15, 16, 14, 23, 26]
[0, 25, 18, 19, 15, 16, 14, 23, 21, 26]
[0, 13, 18, 19, 16, 14, 9, 6, 1, 26]
[0, 13, 18, 19, 16, 14, 23, 22, 21, 26]
[0, 13, 17, 18, 19, 16, 14, 6, 1, 26]
[0, 13, 17, 18, 19, 16, 14, 22, 21, 26]
[0, 13, 17, 18, 19, 16, 14, 9, 6, 1, 26]
[0, 13, 17, 18, 19, 16, 14, 23, 22, 21, 26]
[0, 13, 17, 18, 19, 16, 14, 9, 6, 4, 1, 26]
[0, 13, 17, 18, 19, 15, 16, 14, 6, 26]
[0, 13, 17, 18, 19, 16, 14, 12, 22, 21, 26]
[0, 13, 17, 18, 19, 16, 14, 12, 6, 4, 1, 26]
[0, 24, 25, 22, 26]
[0, 24, 25, 23, 22, 26]
[0, 10, 11, 6, 2, 1, 26]
[0, 24, 25, 22, 21, 26]
[0, 10, 11, 6, 4, 2, 1, 26]
[0, 24, 25, 23, 22, 21, 26]
[0, 10, 11, 9, 6, 4, 2, 1, 26]
[0, 10, 11, 14, 12, 6, 2, 1, 26]
[0, 25, 10, 11, 6, 2, 1, 26]
[0, 24, 25, 10, 11, 14, 12, 23, 22, 26]
[0, 24, 25, 10, 11, 6, 2, 1, 26]
[0, 25, 18, 19, 15, 14, 6, 26]
[0, 13, 18, 19, 15, 14, 23, 22, 26]
[0, 24, 25, 10, 11, 6, 4, 2, 1, 26]
[0, 24, 25, 18, 19, 15, 14, 6, 26]
[0, 25, 18, 19, 15, 14, 23, 22, 26]
[0, 24, 25, 10, 11, 9, 6, 4, 2, 1, 26]
[0, 24, 25, 18, 19, 15, 14, 9, 6, 26]
[0, 25, 18, 19, 15, 14, 12, 6, 26]
[0, 24, 25, 18, 19, 15, 14, 23, 22, 26]
[0, 20, 24, 25, 18, 19, 15, 14, 9, 6, 26]
[0, 24, 25, 18, 19, 15, 14, 12, 6, 26]
[0, 25, 18, 19, 15, 14, 12, 23, 22, 26]
[0, 25, 18, 19, 15, 16, 14, 6, 26]
[0, 20, 24, 25, 18, 19, 15, 14, 12, 6, 26]
[0, 24, 25, 18, 19, 15, 14, 12, 6, 4, 26]
[0, 24, 25, 18, 19, 15, 14, 12, 23, 22, 26]
[0, 24, 25, 18, 19, 15, 16, 14, 6, 26]
[0, 20, 24, 25, 18, 19, 15, 14, 12, 6, 4, 26]
[0, 20, 24, 25, 18, 19, 15, 14, 12, 23, 22, 26]
[0, 24, 25, 18, 19, 15, 14, 6, 2, 1, 26]
[0, 10, 11, 16, 14, 12, 2, 1, 26]
[0, 10, 11, 16, 14, 12, 6, 2, 1, 26]
[0, 13, 17, 18, 19, 15, 14, 23, 22, 26]
[0, 20, 13, 17, 18, 19, 15, 14, 23, 22, 26]
[0, 13, 17, 18, 19, 15, 14, 2, 1, 26]
[0, 13, 17, 18, 19, 15, 14, 12, 23, 22, 26]
[0, 13, 17, 18, 19, 15, 14, 23, 22, 21, 26]
[0, 20, 13, 17, 18, 19, 15, 14, 2, 1, 26]
[0, 13, 17, 18, 19, 15, 16, 14, 22, 26]
[0, 20, 13, 17, 18, 19, 15, 14, 23, 22, 21, 26]
[0, 13, 17, 18, 19, 15, 14, 12, 2, 1, 26]
[0, 7, 8, 10, 4, 1, 26]
[0, 7, 10, 4, 2, 1, 26]
[0, 7, 8, 10, 2, 1, 26]
[0, 7, 8, 10, 4, 2, 1, 26]
[0, 3, 7, 8, 10, 4, 2, 1, 26]
[0, 5, 3, 7, 8, 10, 4, 2, 1, 26]
[0, 20, 25, 8, 10, 4, 2, 1, 26]
[0, 7, 8, 10, 15, 16, 14, 26]
[0, 25, 7, 8, 10, 4, 2, 1, 26]
[0, 7, 8, 10, 15, 16, 14, 4, 26]
[0, 20, 25, 7, 8, 10, 4, 2, 1, 26]
[0, 7, 8, 10, 15, 16, 14, 12, 26]
[0, 7, 8, 10, 15, 16, 14, 9, 4, 26]
[0, 7, 8, 10, 15, 16, 14, 4, 1, 26]
[0, 7, 8, 10, 15, 16, 14, 12, 4, 26]
[0, 7, 8, 10, 15, 16, 14, 23, 22, 26]
[0, 7, 8, 10, 15, 16, 14, 9, 4, 1, 26]
[0, 25, 7, 8, 10, 15, 16, 14, 26]
[0, 3, 7, 8, 10, 15, 16, 14, 23, 22, 26]
[0, 7, 8, 10, 15, 16, 14, 2, 1, 26]
[0, 20, 25, 7, 8, 10, 15, 16, 14, 26]
[0, 7, 8, 10, 15, 16, 14, 12, 23, 22, 26]
[0, 7, 8, 10, 15, 16, 14, 23, 22, 21, 26]
[0, 7, 8, 10, 15, 16, 14, 4, 2, 1, 26]
[0, 8, 10, 15, 16, 14, 12, 23, 21, 26]
[0, 8, 15, 16, 14, 12, 2, 1, 26]
[0, 8, 15, 16, 14, 12, 6, 2, 26]
[0, 8, 15, 16, 12, 6, 2, 1, 26]
[0, 25, 18, 15, 16, 14, 12, 6, 26]
[0, 8, 15, 16, 14, 12, 6, 4, 2, 26]
[0, 8, 15, 16, 14, 12, 6, 2, 1, 26]
[0, 3, 7, 8, 11, 9, 6, 2, 1, 21, 26]
[0, 3, 7, 8, 10, 11, 9, 6, 2, 1, 21, 26]
[0, 13, 15, 16, 14, 12, 23, 21, 26]
[0, 13, 17, 15, 11, 9, 6, 2, 1, 26]
[0, 13, 17, 15, 16, 14, 12, 21, 26]
[0, 13, 17, 15, 16, 14, 12, 23, 21, 26]
[0, 7, 10, 11, 9, 2, 1, 26]
[0, 25, 7, 2, 1, 26]
[0, 25, 7, 4, 2, 1, 26]
[0, 20, 25, 7, 4, 2, 1, 26]
[0, 25, 7, 10, 11, 9, 2, 1, 26]
[0, 25, 7, 10, 11, 9, 4, 2, 1, 26]
[0, 17, 18, 19, 16, 14, 12, 2, 26]
[0, 7, 10, 11, 16, 14, 12, 2, 1, 26]
[0, 17, 18, 19, 16, 14, 12, 2, 1, 26]
[0, 25, 7, 11, 16, 14, 12, 2, 26]
[0, 7, 8, 10, 11, 16, 14, 12, 2, 1, 26]
[0, 25, 7, 10, 11, 16, 14, 12, 2, 26]
[0, 25, 7, 11, 16, 14, 12, 2, 1, 26]
[0, 17, 18, 19, 15, 16, 14, 12, 2, 26]
[0, 25, 7, 10, 11, 16, 14, 12, 2, 1, 26]
[0, 8, 10, 11, 4, 1, 26]
[0, 3, 8, 10, 11, 4, 1, 26]
[0, 5, 3, 8, 10, 11, 4, 1, 26]
[0, 5, 7, 8, 10, 11, 4, 1, 26]
[0, 5, 3, 7, 8, 10, 11, 4, 1, 26]
[0, 5, 3, 8, 10, 11, 4, 2, 1, 26]
[0, 20, 24, 25, 8, 10, 11, 4, 1, 26]
[0, 5, 3, 7, 8, 10, 11, 4, 2, 1, 26]
[0, 20, 25, 8, 10, 11, 4, 2, 1, 26]
[0, 20, 24, 25, 8, 10, 11, 4, 2, 1, 26]
[0, 5, 3, 8, 10, 11, 16, 14, 23, 22, 21, 26]
[0, 17, 18, 19, 15, 16, 14, 4, 1, 26]
[0, 17, 18, 19, 15, 16, 14, 23, 21, 26]
[0, 17, 18, 19, 15, 16, 14, 9, 4, 1, 26]
[0, 17, 18, 15, 16, 14, 23, 22, 21, 26]
[0, 17, 18, 19, 15, 16, 14, 12, 4, 1, 26]
[0, 17, 18, 19, 15, 16, 14, 23, 22, 21, 26]
[0, 13, 17, 18, 19, 15, 16, 14, 4, 1, 26]
[0, 7, 8, 9, 6, 4, 2, 1, 26]
[0, 7, 8, 11, 9, 6, 4, 2, 1, 26]
[0, 7, 8, 10, 11, 9, 6, 4, 2, 1, 26]
[0, 18, 19, 16, 14, 9, 6, 4, 2, 1, 26]
[0, 13, 19, 15, 16, 14, 9, 6, 4, 26]
[0, 13, 18, 19, 16, 14, 9, 6, 2, 26]
[0, 13, 19, 16, 14, 9, 6, 4, 2, 1, 26]
[0, 13, 18, 19, 15, 16, 14, 9, 6, 26]
[0, 13, 18, 19, 16, 14, 9, 6, 2, 1, 26]
[0, 25, 18, 19, 15, 16, 14, 9, 6, 26]
[0, 13, 18, 19, 15, 16, 14, 12, 6, 26]
[0, 13, 18, 19, 15, 16, 14, 9, 6, 4, 26]
[0, 13, 18, 19, 16, 14, 9, 6, 4, 2, 1, 26]
[0, 5, 8, 11, 16, 14, 12, 2, 1, 26]
[0, 5, 8, 11, 16, 14, 12, 6, 2, 26]
[0, 5, 8, 11, 16, 14, 12, 23, 22, 21, 26]
[0, 5, 8, 11, 16, 14, 12, 6, 4, 2, 26]
[0, 5, 3, 8, 11, 16, 14, 12, 23, 22, 21, 26]
[0, 5, 8, 11, 16, 14, 12, 6, 2, 1, 26]
[0, 5, 8, 19, 15, 16, 14, 12, 6, 4, 26]
[0, 5, 8, 19, 15, 16, 14, 12, 23, 22, 26]
[0, 5, 3, 8, 11, 16, 14, 12, 6, 4, 2, 26]
[0, 5, 3, 8, 10, 11, 16, 14, 12, 23, 22, 21, 26]
[0, 5, 8, 11, 16, 14, 12, 6, 4, 2, 1, 26]
[0, 5, 13, 17, 18, 19, 16, 14, 12, 6, 4, 26]
[0, 5, 13, 17, 18, 19, 16, 14, 12, 23, 22, 26]
[0, 5, 3, 8, 10, 11, 16, 14, 12, 6, 4, 2, 26]
[0, 5, 7, 8, 10, 11, 16, 14, 12, 23, 22, 21, 26]
[0, 5, 3, 8, 11, 16, 14, 12, 6, 4, 2, 1, 26]
[0, 3, 8, 10, 16, 14, 9, 6, 2, 1, 26]
[0, 3, 8, 10, 16, 14, 9, 6, 4, 2, 1, 26]
[0, 3, 8, 10, 15, 16, 14, 12, 23, 22, 26]
[0, 3, 7, 8, 10, 16, 14, 12, 23, 22, 21, 26]
[0, 8, 10, 15, 16, 14, 12, 2, 1, 26]
[0, 5, 3, 8, 10, 15, 16, 14, 12, 23, 22, 26]
[0, 8, 10, 15, 16, 14, 12, 23, 22, 21, 26]
[0, 3, 8, 10, 15, 16, 14, 12, 2, 1, 26]
[0, 25, 18, 19, 16, 14, 12, 2, 1, 26]
[0, 25, 18, 19, 15, 16, 14, 12, 23, 26]
[0, 25, 18, 19, 15, 16, 14, 12, 1, 26]
[0, 17, 18, 16, 14, 12, 6, 2, 1, 26]
[0, 17, 18, 15, 16, 14, 12, 23, 21, 26]
[0, 17, 18, 19, 16, 14, 12, 6, 2, 1, 26]
[0, 13, 17, 18, 15, 16, 14, 12, 23, 26]
[0, 5, 3, 8, 10, 11, 16, 14, 12, 6, 2, 1, 26]
[0, 5, 7, 10, 9, 4, 2, 1, 26]
[0, 5, 7, 10, 6, 4, 2, 1, 26]
[0, 5, 7, 10, 9, 6, 4, 2, 1, 26]
[0, 5, 3, 7, 10, 9, 6, 4, 2, 1, 26]
[0, 5, 7, 8, 10, 9, 6, 4, 2, 1, 26]
[0, 5, 3, 7, 8, 10, 9, 6, 4, 2, 1, 26]
[0, 10, 15, 16, 14, 12, 2, 1, 26]
[0, 10, 15, 16, 14, 12, 23, 22, 21, 26]
[0, 10, 15, 16, 14, 12, 4, 2, 1, 26]
[0, 5, 7, 10, 15, 16, 14, 12, 6, 4, 26]
[0, 5, 7, 10, 15, 16, 14, 12, 2, 26]
[0, 5, 7, 10, 15, 16, 14, 12, 23, 21, 26]
[0, 7, 10, 15, 16, 14, 12, 2, 1, 26]
[0, 5, 3, 7, 10, 15, 16, 14, 12, 6, 4, 26]
[0, 5, 7, 10, 15, 16, 14, 12, 4, 2, 26]
[0, 7, 10, 15, 16, 14, 12, 23, 22, 21, 26]
[0, 5, 7, 10, 15, 16, 14, 12, 2, 1, 26]
[0, 5, 7, 8, 11, 14, 6, 4, 2, 1, 26]
[0, 25, 7, 8, 6, 4, 2, 1, 26]
[0, 20, 25, 7, 8, 6, 4, 2, 1, 26]
[0, 25, 7, 8, 11, 16, 14, 6, 4, 26]
[0, 25, 7, 8, 11, 14, 6, 4, 2, 1, 26]
[0, 20, 25, 7, 8, 11, 16, 14, 6, 4, 26]
[0, 5, 7, 8, 11, 16, 14, 6, 4, 2, 1, 26]
[0, 25, 7, 8, 11, 16, 14, 12, 6, 4, 26]
[0, 25, 7, 8, 11, 16, 14, 23, 22, 21, 26]
[0, 25, 7, 8, 11, 14, 12, 6, 4, 2, 1, 26]
[0, 25, 7, 8, 9, 6, 4, 2, 1, 26]
[0, 7, 8, 11, 16, 14, 9, 6, 2, 1, 26]
[0, 7, 8, 11, 16, 14, 9, 6, 4, 2, 1, 26]
[0, 25, 18, 15, 16, 14, 9, 6, 4, 26]
[0, 17, 18, 15, 16, 14, 12, 2, 1, 26]
[0, 10, 11, 16, 14, 12, 23, 21, 26]
[0, 10, 11, 16, 14, 12, 23, 22, 21, 26]
[0, 3, 7, 8, 11, 16, 14, 12, 23, 21, 26]
[0, 3, 7, 8, 10, 11, 16, 14, 12, 23, 21, 26]
[0, 13, 17, 18, 19, 16, 14, 12, 23, 21, 26]
[0, 17, 18, 19, 15, 16, 14, 12, 23, 21, 26]
[0, 13, 17, 18, 19, 15, 16, 14, 9, 1, 26]
[0, 8, 9, 12, 26]
[0, 10, 9, 12, 1, 26]
[0, 5, 8, 9, 12, 26]
[0, 8, 9, 12, 1, 26]
[0, 5, 3, 8, 9, 12, 26]
[0, 5, 8, 9, 12, 1, 26]
[0, 5, 7, 8, 9, 12, 26]
[0, 5, 3, 8, 9, 12, 1, 26]
[0, 5, 3, 7, 8, 9, 12, 26]
[0, 5, 7, 8, 9, 12, 1, 26]
[0, 5, 7, 8, 10, 11, 9, 12, 26]
[0, 5, 7, 8, 9, 12, 4, 1, 26]
[0, 5, 3, 7, 8, 10, 11, 9, 12, 26]
[0, 5, 7, 8, 9, 12, 23, 22, 26]
[0, 5, 8, 9, 12, 23, 22, 21, 26]
[0, 5, 3, 8, 9, 12, 2, 1, 26]
[0, 5, 3, 7, 8, 10, 11, 9, 14, 12, 26]
[0, 5, 3, 7, 8, 10, 11, 9, 12, 23, 26]
[0, 5, 3, 7, 8, 9, 12, 23, 22, 26]
[0, 5, 3, 8, 9, 12, 23, 22, 21, 26]
[0, 5, 7, 8, 9, 12, 2, 1, 26]
[0, 20, 24, 25, 8, 10, 11, 9, 12, 26]
[0, 5, 7, 8, 10, 11, 9, 12, 23, 22, 26]
[0, 5, 7, 8, 9, 12, 23, 22, 21, 26]
[0, 20, 24, 25, 7, 8, 10, 9, 12, 26]
[0, 5, 3, 7, 8, 10, 11, 9, 12, 23, 22, 26]
[0, 5, 3, 7, 8, 9, 12, 23, 22, 21, 26]
[0, 5, 7, 8, 10, 11, 9, 12, 2, 1, 26]
[0, 20, 24, 25, 7, 8, 10, 11, 9, 12, 26]
[0, 5, 3, 7, 8, 10, 11, 9, 14, 12, 23, 22, 26]
[0, 5, 7, 8, 10, 11, 9, 12, 23, 22, 21, 26]
[0, 20, 24, 25, 7, 8, 10, 11, 9, 14, 12, 26]
[0, 20, 24, 25, 7, 8, 10, 11, 9, 12, 23, 26]
[0, 20, 24, 25, 8, 10, 11, 9, 12, 23, 22, 26]
[0, 5, 3, 7, 8, 10, 11, 9, 12, 23, 22, 21, 26]
[0, 20, 24, 25, 7, 8, 10, 11, 9, 6, 12, 26]
[0, 20, 24, 25, 7, 8, 10, 11, 9, 12, 6, 26]
[0, 20, 24, 25, 7, 8, 10, 9, 12, 23, 22, 26]
[0, 5, 3, 7, 8, 10, 11, 9, 14, 12, 23, 22, 21, 26]
[0, 5, 7, 8, 10, 11, 9, 12, 6, 4, 2, 1, 26]
[0, 20, 24, 25, 19, 15, 16, 14, 12, 26]
[0, 20, 24, 25, 7, 8, 10, 11, 9, 12, 6, 4, 26]
[0, 20, 24, 25, 7, 8, 10, 11, 9, 12, 23, 22, 26]
[0, 20, 24, 25, 8, 10, 11, 9, 12, 23, 22, 21, 26]
[0, 5, 3, 7, 8, 10, 11, 9, 12, 6, 4, 2, 1, 26]
[0, 20, 24, 25, 18, 19, 15, 16, 12, 26]
[0, 20, 24, 25, 7, 8, 10, 11, 9, 14, 12, 23, 22, 26]
[0, 20, 24, 25, 7, 8, 10, 9, 12, 23, 22, 21, 26]
[0, 20, 24, 25, 7, 8, 10, 11, 9, 12, 2, 1, 26]
[0, 7, 10, 11, 9, 6, 2, 1, 26]
[0, 5, 7, 10, 11, 9, 6, 2, 1, 26]
[0, 5, 7, 10, 11, 9, 6, 4, 2, 1, 26]
[0, 5, 3, 7, 10, 11, 9, 6, 4, 2, 1, 26]
[0, 13, 18, 15, 11, 6, 2, 1, 26]
[0, 13, 18, 19, 15, 11, 6, 2, 1, 26]
[0, 13, 18, 19, 15, 16, 14, 23, 21, 26]
[0, 13, 17, 18, 15, 11, 6, 2, 1, 26]
[0, 13, 17, 18, 19, 15, 16, 11, 6, 26]
[0, 13, 17, 18, 19, 15, 16, 14, 21, 26]
[0, 13, 17, 18, 19, 15, 11, 6, 2, 1, 26]
[0, 20, 24, 25, 7, 8, 6, 2, 26]
[0, 24, 25, 18, 19, 16, 14, 2, 26]
[0, 24, 25, 18, 16, 14, 12, 2, 26]
[0, 24, 25, 18, 15, 16, 14, 12, 26]
[0, 24, 25, 18, 19, 16, 14, 12, 23, 22, 26]
[0, 24, 25, 18, 19, 16, 14, 12, 2, 26]
[0, 24, 25, 18, 15, 16, 14, 9, 6, 26]
[0, 20, 24, 25, 18, 15, 16, 14, 12, 26]
[0, 20, 24, 25, 18, 19, 16, 14, 12, 23, 22, 26]
[0, 20, 24, 25, 18, 19, 16, 14, 12, 2, 26]
[0, 5, 7, 10, 11, 9, 6, 4, 1, 26]
[0, 7, 10, 11, 9, 6, 1, 21, 26]
[0, 5, 3, 7, 10, 11, 9, 6, 4, 1, 26]
[0, 7, 10, 11, 9, 6, 4, 1, 21, 26]
[0, 5, 7, 8, 10, 11, 9, 6, 4, 1, 26]
[0, 5, 7, 10, 11, 9, 6, 4, 1, 21, 26]
[0, 5, 3, 7, 8, 10, 11, 9, 6, 4, 1, 26]
[0, 5, 3, 7, 10, 11, 9, 6, 4, 1, 21, 26]
[0, 5, 7, 8, 10, 11, 9, 6, 4, 1, 21, 26]
[0, 13, 17, 19, 15, 12, 23, 21, 26]
[0, 13, 17, 18, 19, 15, 12, 1, 26]
[0, 5, 3, 7, 8, 10, 11, 9, 6, 4, 1, 21, 26]
[0, 13, 17, 19, 15, 12, 22, 21, 26]
[0, 13, 17, 18, 19, 15, 12, 4, 1, 26]
[0, 13, 17, 19, 15, 12, 23, 22, 21, 26]
[0, 13, 17, 19, 15, 16, 12, 1, 26]
[0, 13, 17, 18, 19, 15, 16, 12, 26]
[0, 13, 17, 19, 15, 16, 12, 21, 26]
[0, 13, 17, 19, 15, 16, 12, 4, 1, 26]
[0, 13, 17, 18, 19, 15, 16, 12, 23, 26]
[0, 13, 17, 19, 15, 16, 12, 23, 22, 26]
[0, 13, 17, 19, 15, 16, 12, 23, 21, 26]
[0, 13, 17, 18, 19, 15, 16, 12, 1, 26]
[0, 8, 15, 16, 14, 12, 4, 2, 1, 26]
[0, 24, 25, 18, 19, 15, 16, 14, 12, 26]
[0, 25, 18, 19, 15, 16, 14, 12, 4, 26]
[0, 25, 18, 19, 16, 14, 12, 4, 2, 1, 26]
[0, 13, 18, 19, 15, 16, 14, 23, 22, 26]
[0, 25, 18, 19, 15, 16, 14, 23, 22, 26]
[0, 10, 15, 16, 14, 9, 6, 4, 1, 26]
[0, 10, 15, 16, 14, 12, 6, 4, 1, 26]
[0, 8, 10, 15, 16, 14, 9, 6, 4, 1, 26]
[0, 10, 15, 16, 14, 9, 6, 4, 2, 1, 26]
[0, 10, 15, 16, 14, 12, 6, 4, 2, 1, 26]
[0, 5, 7, 8, 10, 11, 6, 2, 1, 26]
[0, 5, 7, 8, 10, 11, 6, 4, 2, 1, 26]
[0, 5, 3, 7, 8, 10, 11, 6, 4, 2, 1, 26]
[0, 25, 7, 8, 10, 11, 6, 4, 2, 1, 26]
[0, 5, 7, 8, 10, 11, 16, 14, 12, 2, 1, 26]
[0, 5, 7, 8, 10, 11, 16, 14, 6, 4, 2, 1, 26]
[0, 25, 7, 10, 23, 22, 21, 26]
[0, 20, 25, 7, 10, 23, 22, 21, 26]
[0, 20, 24, 25, 7, 10, 23, 22, 21, 26]
[0, 20, 25, 7, 8, 10, 23, 22, 21, 26]
[0, 20, 24, 25, 7, 8, 10, 23, 22, 21, 26]
[0, 25, 7, 10, 11, 9, 6, 4, 2, 1, 26]
[0, 13, 17, 18, 19, 16, 23, 22, 21, 26]
[0, 20, 25, 7, 10, 11, 9, 6, 4, 2, 1, 26]
[0, 13, 17, 18, 15, 16, 23, 22, 26]
[0, 20, 24, 25, 7, 10, 11, 9, 6, 4, 2, 1, 26]
[0, 13, 17, 18, 19, 15, 16, 23, 22, 26]
[0, 7, 8, 10, 11, 9, 4, 2, 1, 26]
[0, 3, 7, 8, 10, 11, 9, 4, 2, 1, 26]
[0, 5, 3, 7, 8, 10, 11, 9, 4, 2, 1, 26]
[0, 25, 7, 8, 10, 11, 9, 4, 2, 1, 26]
[0, 7, 8, 10, 15, 16, 14, 12, 1, 26]
[0, 7, 8, 10, 15, 16, 14, 12, 4, 1, 26]
[0, 7, 8, 10, 15, 16, 14, 12, 23, 21, 26]
[0, 3, 7, 8, 10, 15, 16, 14, 12, 4, 1, 26]
[0, 20, 25, 7, 8, 11, 9, 4, 1, 26]
[0, 20, 25, 7, 8, 11, 14, 23, 22, 26]
[0, 20, 25, 7, 8, 9, 2, 1, 26]
[0, 20, 24, 25, 7, 8, 11, 14, 23, 22, 26]
[0, 20, 25, 7, 8, 11, 9, 2, 1, 26]
[0, 20, 24, 25, 7, 8, 10, 11, 14, 23, 22, 26]
[0, 20, 24, 25, 7, 8, 11, 9, 2, 1, 26]
[0, 20, 24, 25, 7, 8, 11, 14, 12, 23, 22, 26]
[0, 20, 24, 25, 7, 8, 10, 11, 9, 2, 1, 26]
[0, 20, 25, 7, 8, 11, 16, 14, 23, 22, 26]
[0, 20, 24, 25, 7, 8, 10, 11, 9, 4, 2, 1, 26]
[0, 20, 24, 25, 7, 8, 11, 16, 14, 23, 22, 26]
[0, 20, 24, 25, 7, 8, 10, 11, 9, 6, 2, 1, 26]
[0, 13, 17, 19, 15, 10, 9, 4, 2, 1, 26]
[0, 13, 17, 18, 19, 15, 10, 23, 22, 21, 26]
[0, 13, 17, 18, 19, 15, 10, 4, 2, 1, 26]
[0, 13, 17, 19, 15, 16, 14, 12, 21, 26]
[0, 13, 17, 19, 15, 16, 14, 12, 4, 1, 26]
[0, 13, 19, 15, 11, 9, 6, 2, 1, 26]
[0, 19, 15, 16, 14, 12, 23, 22, 21, 26]
[0, 17, 18, 19, 15, 11, 9, 6, 2, 1, 26]
[0, 13, 15, 16, 14, 12, 22, 21, 26]
[0, 13, 17, 19, 15, 11, 9, 6, 2, 1, 26]
[0, 13, 15, 16, 14, 12, 23, 22, 21, 26]
[0, 25, 18, 19, 15, 11, 9, 6, 2, 1, 26]
[0, 17, 19, 15, 16, 14, 12, 2, 1, 26]
[0, 17, 19, 15, 16, 14, 12, 23, 22, 21, 26]
[0, 7, 8, 15, 16, 14, 12, 2, 1, 26]
[0, 13, 17, 18, 19, 15, 12, 23, 21, 26]
[0, 13, 17, 18, 19, 15, 12, 6, 4, 1, 26]
[0, 13, 17, 18, 15, 16, 12, 6, 26]
[0, 13, 17, 18, 15, 16, 12, 21, 26]
[0, 13, 17, 18, 15, 12, 6, 2, 1, 26]
[0, 17, 18, 19, 16, 14, 12, 23, 22, 21, 26]
[0, 17, 18, 19, 16, 14, 12, 4, 2, 1, 26]
[0, 17, 15, 16, 14, 12, 4, 2, 1, 26]
[0, 13, 17, 18, 19, 16, 14, 12, 4, 2, 26]
[0, 5, 3, 7, 25, 22, 21, 26]
[0, 5, 3, 7, 25, 23, 22, 21, 26]
[0, 3, 7, 8, 11, 16, 14, 12, 23, 22, 26]
[0, 3, 7, 8, 11, 16, 14, 23, 22, 21, 26]
[0, 5, 3, 7, 8, 11, 16, 14, 12, 23, 22, 26]
[0, 5, 3, 7, 8, 11, 16, 14, 23, 22, 21, 26]
[0, 3, 7, 8, 11, 16, 14, 12, 2, 1, 26]
[0, 24, 17, 18, 19, 15, 16, 14, 23, 22, 26]
[0, 3, 7, 8, 11, 16, 14, 12, 23, 22, 21, 26]
[0, 24, 13, 17, 18, 19, 16, 14, 12, 23, 22, 26]
[0, 5, 3, 7, 8, 11, 16, 14, 12, 23, 22, 21, 26]
[0, 25, 18, 19, 15, 11, 4, 2, 26]
[0, 13, 17, 18, 19, 15, 11, 4, 2, 26]
[0, 13, 17, 18, 19, 15, 11, 9, 4, 2, 26]
[0, 13, 17, 18, 19, 15, 16, 12, 4, 26]
[0, 13, 17, 18, 19, 15, 11, 6, 4, 2, 26]
[0, 3, 7, 15, 16, 9, 2, 1, 26]
[0, 3, 7, 15, 16, 11, 9, 2, 1, 26]
[0, 13, 17, 18, 19, 15, 16, 21, 26]
[0, 13, 17, 18, 19, 15, 11, 9, 2, 1, 26]
[0, 3, 13, 17, 18, 19, 15, 16, 11, 9, 26]
[0, 13, 17, 18, 19, 15, 16, 23, 21, 26]
[0, 5, 3, 7, 10, 15, 16, 11, 9, 2, 1, 26]
[0, 13, 19, 15, 16, 14, 2, 1, 26]
[0, 13, 19, 15, 16, 14, 23, 22, 21, 26]
[0, 5, 13, 19, 15, 16, 14, 2, 1, 26]
[0, 13, 18, 19, 15, 16, 23, 22, 21, 26]
[0, 13, 18, 19, 15, 16, 14, 2, 1, 26]
[0, 5, 7, 2, 1, 26]
[0, 5, 7, 4, 2, 1, 26]
[0, 5, 3, 7, 4, 2, 1, 26]
[0, 5, 7, 19, 15, 16, 14, 2, 1, 26]
[0, 7, 19, 15, 16, 14, 12, 2, 1, 26]
[0, 13, 17, 19, 15, 16, 23, 22, 21, 26]
[0, 13, 17, 19, 15, 16, 14, 2, 1, 26]
[0, 7, 8, 19, 15, 16, 14, 12, 23, 21, 26]
[0, 3, 7, 8, 10, 11, 14, 9, 6, 4, 2, 1, 26]
[0, 3, 7, 8, 10, 11, 14, 12, 6, 4, 2, 1, 26]
[0, 5, 3, 7, 8, 10, 11, 16, 14, 12, 23, 22, 26]
[0, 25, 7, 8, 10, 11, 14, 12, 23, 22, 21, 26]
[0, 5, 3, 7, 8, 10, 11, 14, 12, 6, 4, 2, 1, 26]
[0, 3, 7, 8, 10, 11, 16, 14, 12, 23, 22, 21, 26]
[0, 17, 18, 19, 16, 14, 12, 6, 4, 2, 1, 26]
[0, 5, 8, 10, 15, 16, 14, 12, 2, 1, 26]
[0, 13, 15, 16, 14, 12, 2, 1, 26]
[0, 13, 19, 15, 16, 14, 12, 2, 1, 26]
[0, 10, 11, 9, 6, 4, 2, 1, 21, 26]
[0, 7, 10, 11, 9, 6, 4, 2, 1, 21, 26]
[0, 7, 8, 11, 9, 6, 4, 2, 1, 21, 26]
[0, 3, 7, 8, 11, 9, 6, 4, 2, 1, 21, 26]
[0, 3, 7, 8, 10, 11, 9, 6, 4, 2, 1, 21, 26]
[0, 13, 18, 19, 15, 11, 9, 6, 2, 1, 26]
[0, 5, 3, 7, 8, 10, 11, 9, 6, 4, 2, 1, 21, 26]
[0, 13, 18, 19, 15, 16, 12, 23, 21, 26]
[0, 13, 17, 18, 19, 15, 9, 6, 2, 1, 26]
[0, 25, 18, 15, 16, 14, 6, 4, 1, 26]
[0, 20, 24, 25, 10, 9, 6, 4, 2, 1, 26]
[0, 20, 24, 25, 10, 11, 9, 6, 4, 2, 1, 26]
[0, 25, 10, 15, 14, 12, 23, 22, 21, 26]
[0, 25, 7, 8, 10, 9, 6, 4, 2, 1, 26]
[0, 20, 24, 25, 10, 15, 16, 14, 12, 26]
[0, 25, 10, 15, 16, 14, 9, 6, 4, 26]
[0, 3, 7, 8, 10, 15, 14, 12, 23, 22, 21, 26]
[0, 25, 10, 15, 14, 9, 6, 4, 2, 1, 26]
[0, 3, 7, 8, 10, 15, 16, 14, 9, 6, 4, 26]
[0, 20, 24, 25, 10, 15, 14, 12, 23, 22, 21, 26]
[0, 25, 10, 15, 16, 14, 9, 6, 4, 1, 26]
[0, 7, 8, 10, 6, 2, 1, 26]
[0, 3, 7, 8, 10, 6, 2, 1, 26]
[0, 3, 7, 8, 10, 6, 4, 2, 1, 26]
[0, 5, 3, 7, 8, 10, 6, 4, 2, 1, 26]
[0, 13, 17, 18, 19, 15, 10, 6, 4, 1, 26]
[0, 7, 8, 10, 15, 16, 14, 6, 4, 1, 26]
[0, 7, 8, 10, 15, 16, 14, 12, 6, 1, 26]
[0, 17, 15, 16, 14, 12, 23, 22, 21, 26]
[0, 13, 17, 18, 19, 16, 14, 12, 2, 1, 26]
[0, 7, 18, 19, 15, 14, 12, 23, 22, 21, 26]
[0, 5, 7, 18, 19, 15, 14, 12, 23, 22, 21, 26]
[0, 7, 18, 19, 15, 16, 14, 12, 4, 1, 26]
[0, 7, 18, 19, 15, 16, 14, 12, 23, 22, 26]
[0, 25, 7, 8, 10, 11, 9, 6, 4, 1, 26]
[0, 24, 25, 7, 8, 10, 11, 9, 6, 4, 1, 26]
[0, 20, 24, 25, 7, 8, 10, 11, 9, 6, 4, 1, 26]
[0, 25, 7, 8, 10, 11, 9, 6, 4, 2, 1, 26]
[0, 24, 25, 7, 8, 10, 15, 16, 14, 26]
[0, 24, 25, 7, 8, 10, 11, 14, 12, 23, 22, 21, 26]
[0, 24, 25, 7, 8, 10, 11, 9, 6, 4, 2, 1, 26]
