c201
[0, 3, 7, 8]
[0, 2, 1, 8]
[0, 4, 8]
[0, 6, 8]
[0, 5, 8]
[0, 1, 8]
[0, 5, 1, 8]
[0, 1, 3, 8]
[0, 3, 4, 8]
[0, 1, 6, 8]
[0, 5, 1, 3, 8]
[0, 1, 3, 4, 8]
[0, 5, 1, 6, 8]
[0, 1, 7, 3, 8]
[0, 5, 1, 3, 4, 8]
[0, 5, 2, 1, 8]
[0, 5, 1, 7, 3, 8]
[0, 1, 7, 3, 4, 8]
[0, 3, 7, 4, 3, 8]
[0, 1, 2, 6, 8]
[0, 5, 2, 1, 3, 8]
[0, 5, 1, 7, 3, 4, 8]
[0, 1, 3, 7, 4, 3, 8]
[0, 5, 1, 2, 6, 8]
[0, 2, 1, 7, 3, 8]
[0, 5, 2, 1, 3, 4, 8]
[0, 5, 1, 3, 7, 4, 3, 8]
[0, 5, 2, 1, 7, 3, 8]
[0, 2, 1, 7, 3, 4, 8]
[0, 1, 6, 3, 7, 4, 3, 8]
[0, 1, 2, 6, 7, 3, 8]
[0, 5, 2, 1, 7, 3, 4, 8]
[0, 2, 1, 3, 7, 4, 3, 8]
[0, 5, 1, 2, 6, 7, 3, 8]
[0, 1, 2, 6, 7, 3, 4, 8]
[0, 5, 2, 1, 3, 7, 4, 3, 8]
[0, 1, 7, 8]
[0, 5, 1, 7, 8]
[0, 5, 1, 7, 4, 8]
[0, 2, 1, 7, 8]
[0, 5, 2, 1, 7, 8]
[0, 5, 2, 1, 7, 4, 8]
