c201
[0, 3, 7, 11]
[0, 2, 1, 11]
[0, 4, 11]
[0, 6, 11]
[0, 9, 11]
[0, 10, 11]
[0, 5, 11]
[0, 8, 11]
[0, 1, 11]
[0, 5, 1, 11]
[0, 1, 3, 11]
[0, 3, 4, 11]
[0, 1, 6, 11]
[0, 5, 1, 3, 11]
[0, 1, 3, 4, 11]
[0, 5, 1, 6, 11]
[0, 1, 7, 3, 11]
[0, 5, 1, 3, 4, 11]
[0, 5, 2, 1, 11]
[0, 5, 1, 7, 3, 11]
[0, 1, 7, 3, 4, 11]
[0, 3, 7, 4, 3, 11]
[0, 5, 1, 3, 4, 9, 11]
[0, 1, 3, 4, 9, 10, 11]
[0, 1, 2, 6, 11]
[0, 5, 2, 1, 3, 11]
[0, 5, 1, 7, 3, 4, 11]
[0, 1, 3, 7, 4, 3, 11]
[0, 5, 1, 3, 4, 9, 10, 11]
[0, 5, 1, 2, 6, 11]
[0, 2, 1, 7, 3, 11]
[0, 5, 2, 1, 3, 4, 11]
[0, 5, 1, 3, 7, 4, 3, 11]
[0, 5, 2, 1, 7, 3, 11]
[0, 2, 1, 7, 3, 4, 11]
[0, 1, 6, 3, 7, 4, 3, 11]
[0, 5, 1, 3, 7, 4, 3, 9, 11]
[0, 1, 3, 7, 4, 3, 9, 10, 11]
[0, 5, 1, 3, 4, 9, 10, 8, 11]
[0, 1, 2, 6, 7, 3, 11]
[0, 5, 2, 1, 7, 3, 4, 11]
[0, 2, 1, 3, 7, 4, 3, 11]
[0, 5, 1, 3, 7, 4, 3, 9, 10, 11]
[0, 5, 1, 2, 6, 7, 3, 11]
[0, 1, 2, 6, 7, 3, 4, 11]
[0, 5, 2, 1, 3, 7, 4, 3, 11]
[0, 1, 3, 7, 4, 3, 9, 10, 8, 11]
[0, 5, 1, 2, 6, 7, 3, 4, 11]
[0, 1, 2, 6, 3, 7, 4, 3, 11]
[0, 5, 2, 1, 3, 7, 4, 3, 9, 11]
[0, 2, 1, 3, 7, 4, 3, 9, 10, 11]
[0, 5, 1, 3, 7, 4, 3, 9, 10, 8, 11]
[0, 5, 1, 2, 6, 3, 7, 4, 3, 11]
[0, 5, 2, 1, 3, 7, 4, 3, 9, 10, 11]
[0, 5, 1, 2, 6, 3, 7, 4, 3, 9, 11]
[0, 1, 2, 6, 3, 7, 4, 3, 9, 10, 11]
[0, 2, 1, 3, 7, 4, 3, 9, 10, 8, 11]
[0, 5, 1, 2, 6, 3, 7, 4, 3, 9, 10, 11]
[0, 5, 2, 1, 3, 7, 4, 3, 9, 10, 8, 11]
[0, 7, 11]
[0, 1, 9, 11]
[0, 9, 10, 11]
[0, 1, 7, 11]
[0, 5, 1, 7, 11]
[0, 1, 7, 4, 11]
[0, 1, 7, 9, 11]
[0, 1, 7, 10, 11]
[0, 1, 6, 7, 11]
[0, 5, 1, 7, 4, 11]
[0, 1, 7, 4, 9, 11]
[0, 1, 7, 9, 10, 11]
[0, 2, 1, 7, 11]
[0, 5, 1, 7, 4, 9, 11]
[0, 1, 7, 4, 9, 10, 11]
[0, 5, 2, 1, 7, 11]
[0, 2, 1, 7, 4, 11]
[0, 2, 1, 7, 9, 11]
[0, 5, 1, 7, 4, 9, 10, 11]
[0, 1, 7, 9, 10, 8, 11]
[0, 1, 2, 6, 7, 11]
[0, 5, 2, 1, 7, 4, 11]
[0, 2, 1, 7, 4, 9, 11]
[0, 2, 1, 7, 9, 10, 11]
[0, 1, 7, 4, 9, 10, 8, 11]
[0, 5, 1, 2, 6, 7, 11]
[0, 1, 2, 6, 7, 4, 11]
[0, 5, 2, 1, 7, 4, 9, 11]
[0, 2, 1, 7, 4, 9, 10, 11]
[0, 5, 1, 7, 4, 9, 10, 8, 11]
[0, 5, 1, 2, 6, 7, 4, 11]
[0, 1, 2, 6, 7, 4, 9, 11]
[0, 5, 2, 1, 7, 4, 9, 10, 11]
[0, 2, 1, 7, 9, 10, 8, 11]
[0, 5, 1, 2, 6, 7, 4, 9, 11]
[0, 1, 2, 6, 7, 4, 9, 10, 11]
[0, 2, 1, 7, 4, 9, 10, 8, 11]
[0, 5, 1, 2, 6, 7, 4, 9, 10, 11]
[0, 5, 2, 1, 7, 4, 9, 10, 8, 11]
[0, 5, 1, 2, 6, 7, 3, 4, 9, 10, 11]
[0, 1, 2, 6, 7, 4, 9, 10, 8, 11]
[0, 5, 1, 2, 6, 7, 4, 9, 10, 8, 11]
[0, 1, 8, 11]
[0, 6, 8, 11]
[0, 1, 6, 8, 11]
[0, 1, 2, 8, 11]
[0, 5, 1, 2, 8, 11]
[0, 1, 2, 6, 8, 11]
[0, 5, 1, 2, 6, 8, 11]
[0, 2, 1, 7, 3, 4, 8, 11]
[0, 5, 2, 1, 7, 3, 4, 8, 11]
[0, 5, 2, 1, 3, 7, 4, 3, 8, 11]
[0, 5, 2, 1, 3, 7, 4, 3, 10, 8, 11]
[0, 1, 9, 8, 11]
[0, 5, 1, 9, 8, 11]
[0, 5, 1, 9, 10, 8, 11]
[0, 1, 2, 9, 8, 11]
[0, 5, 1, 2, 9, 8, 11]
[0, 1, 2, 6, 9, 8, 11]
[0, 5, 1, 2, 6, 9, 8, 11]
[0, 2, 1, 7, 3, 4, 9, 8, 11]
[0, 5, 2, 1, 7, 3, 4, 9, 8, 11]
[0, 5, 2, 1, 7, 3, 4, 9, 10, 8, 11]
[0, 1, 10, 8, 11]
[0, 1, 9, 10, 8, 11]
[0, 6, 9, 10, 8, 11]
[0, 1, 2, 10, 8, 11]
[0, 1, 2, 9, 10, 8, 11]
[0, 5, 1, 2, 9, 10, 8, 11]
[0, 1, 2, 6, 9, 10, 8, 11]
[0, 5, 2, 1, 7, 4, 10, 8, 11]
[0, 5, 2, 1, 7, 3, 4, 10, 8, 11]
