r101
[0, 9, 11]
[0, 8, 11]
[0, 4, 11]
[0, 10, 11]
[0, 3, 11]
[0, 5, 2, 11]
[0, 7, 6, 11]
[0, 1, 11]
[0, 6, 11]
[0, 2, 11]
[0, 2, 6, 11]
[0, 6, 1, 11]
[0, 2, 7, 6, 11]
[0, 2, 8, 11]
[0, 2, 1, 11]
[0, 7, 6, 1, 11]
[0, 6, 10, 11]
[0, 2, 3, 11]
[0, 2, 6, 1, 11]
[0, 2, 7, 8, 11]
[0, 6, 4, 11]
[0, 2, 9, 11]
[0, 7, 6, 10, 11]
[0, 8, 10, 11]
[0, 2, 7, 6, 1, 11]
[0, 2, 6, 10, 11]
[0, 7, 6, 4, 11]
[0, 2, 7, 10, 11]
[0, 5, 6, 11]
[0, 9, 3, 11]
[0, 2, 6, 4, 11]
[0, 7, 8, 10, 11]
[0, 2, 3, 1, 11]
[0, 2, 7, 8, 1, 11]
[0, 2, 8, 10, 11]
[0, 2, 9, 1, 11]
[0, 2, 7, 6, 4, 11]
[0, 2, 8, 4, 11]
[0, 8, 10, 1, 11]
[0, 5, 2, 6, 11]
[0, 2, 9, 3, 11]
[0, 2, 6, 10, 1, 11]
[0, 2, 7, 8, 10, 11]
[0, 2, 7, 10, 1, 11]
[0, 2, 9, 10, 11]
[0, 2, 7, 8, 4, 11]
[0, 7, 8, 10, 1, 11]
[0, 5, 2, 8, 11]
[0, 2, 9, 4, 11]
[0, 2, 8, 10, 1, 11]
[0, 2, 7, 3, 4, 11]
[0, 5, 6, 10, 11]
[0, 5, 2, 3, 11]
[0, 2, 9, 3, 1, 11]
[0, 2, 7, 8, 10, 1, 11]
[0, 9, 3, 4, 11]
[0, 5, 2, 9, 11]
[0, 2, 9, 10, 1, 11]
[0, 5, 8, 10, 11]
[0, 5, 2, 6, 10, 11]
[0, 2, 9, 3, 4, 11]
[0, 5, 2, 3, 1, 11]
[0, 5, 2, 8, 10, 11]
[0, 5, 2, 9, 1, 11]
[0, 5, 7, 6, 10, 1, 11]
[0, 5, 2, 8, 4, 11]
[0, 5, 8, 10, 1, 11]
[0, 5, 2, 9, 3, 11]
[0, 5, 2, 6, 10, 1, 11]
[0, 5, 2, 9, 10, 11]
[0, 5, 7, 8, 10, 1, 11]
[0, 5, 2, 9, 4, 11]
[0, 5, 2, 8, 10, 1, 11]
[0, 5, 2, 9, 3, 1, 11]
[0, 5, 9, 3, 4, 11]
[0, 5, 2, 9, 10, 1, 11]
[0, 5, 2, 9, 3, 4, 11]
[0, 7, 8, 11]
[0, 3, 1, 11]
[0, 7, 8, 1, 11]
[0, 2, 4, 11]
[0, 3, 4, 11]
[0, 7, 8, 4, 11]
[0, 5, 8, 11]
[0, 7, 3, 4, 11]
[0, 2, 3, 4, 11]
[0, 5, 7, 8, 11]
[0, 5, 8, 1, 11]
[0, 5, 7, 8, 1, 11]
[0, 5, 2, 4, 11]
[0, 5, 8, 4, 11]
[0, 5, 7, 8, 4, 11]
[0, 5, 7, 3, 4, 11]
[0, 5, 2, 3, 4, 11]
[0, 9, 1, 11]
[0, 9, 3, 1, 11]
[0, 9, 10, 11]
[0, 9, 10, 1, 11]
