r101
[0, 23, 6, 26]
[0, 11, 7, 26]
[0, 24, 25, 26]
[0, 9, 26]
[0, 14, 21, 26]
[0, 19, 3, 26]
[0, 20, 13, 26]
[0, 15, 8, 26]
[0, 17, 26]
[0, 16, 18, 26]
[0, 22, 26]
[0, 4, 26]
[0, 10, 26]
[0, 5, 12, 26]
[0, 2, 26]
[0, 1, 26]
[0, 6, 26]
[0, 7, 26]
[0, 6, 17, 26]
[0, 6, 24, 26]
[0, 7, 17, 26]
[0, 7, 6, 26]
[0, 8, 26]
[0, 2, 6, 26]
[0, 7, 6, 17, 26]
[0, 15, 6, 26]
[0, 7, 6, 24, 26]
[0, 2, 7, 26]
[0, 8, 24, 26]
[0, 2, 6, 17, 26]
[0, 3, 26]
[0, 6, 1, 26]
[0, 2, 6, 24, 26]
[0, 21, 6, 26]
[0, 7, 8, 26]
[0, 18, 6, 26]
[0, 2, 7, 6, 26]
[0, 2, 8, 26]
[0, 3, 24, 26]
[0, 7, 8, 17, 26]
[0, 7, 18, 26]
[0, 7, 8, 24, 26]
[0, 2, 15, 6, 26]
[0, 7, 3, 26]
[0, 7, 6, 1, 26]
[0, 2, 7, 6, 24, 26]
[0, 16, 26]
[0, 6, 10, 26]
[0, 2, 8, 24, 26]
[0, 2, 6, 24, 25, 26]
[0, 14, 26]
[0, 7, 18, 6, 26]
[0, 2, 21, 6, 26]
[0, 2, 7, 8, 26]
[0, 7, 3, 24, 26]
[0, 19, 7, 26]
[0, 16, 6, 26]
[0, 7, 18, 6, 17, 26]
[0, 14, 6, 26]
[0, 7, 18, 6, 24, 26]
[0, 2, 7, 8, 17, 26]
[0, 2, 7, 18, 26]
[0, 21, 3, 26]
[0, 7, 6, 10, 26]
[0, 7, 8, 1, 26]
[0, 2, 7, 8, 24, 26]
[0, 14, 7, 26]
[0, 19, 7, 6, 26]
[0, 2, 7, 3, 26]
[0, 2, 7, 6, 1, 26]
[0, 16, 6, 24, 26]
[0, 14, 6, 17, 26]
[0, 5, 26]
[0, 2, 16, 26]
[0, 11, 7, 8, 26]
[0, 7, 18, 8, 26]
[0, 6, 13, 26]
[0, 14, 2, 26]
[0, 2, 7, 18, 6, 26]
[0, 7, 6, 4, 26]
[0, 7, 3, 24, 25, 26]
[0, 14, 15, 26]
[0, 14, 7, 6, 26]
[0, 2, 7, 3, 24, 26]
[0, 2, 16, 6, 26]
[0, 2, 7, 18, 6, 17, 26]
[0, 14, 2, 6, 26]
[0, 7, 8, 10, 26]
[0, 14, 7, 6, 17, 26]
[0, 5, 7, 26]
[0, 14, 15, 6, 26]
[0, 19, 7, 8, 26]
[0, 7, 6, 13, 26]
[0, 14, 18, 26]
[0, 14, 2, 7, 26]
[0, 2, 8, 10, 26]
[0, 8, 13, 26]
[0, 9, 3, 24, 26]
[0, 7, 8, 10, 17, 26]
[0, 5, 2, 26]
[0, 14, 3, 26]
[0, 2, 6, 13, 26]
[0, 14, 21, 6, 26]
[0, 5, 7, 6, 26]
[0, 14, 2, 15, 26]
[0, 14, 18, 6, 26]
[0, 5, 8, 26]
[0, 2, 16, 8, 26]
[0, 2, 7, 3, 1, 26]
[0, 5, 2, 6, 26]
[0, 14, 3, 24, 26]
[0, 14, 7, 8, 17, 26]
[0, 14, 7, 18, 26]
[0, 5, 15, 6, 26]
[0, 11, 19, 7, 6, 26]
[0, 2, 7, 8, 10, 26]
[0, 7, 8, 13, 26]
[0, 14, 2, 21, 26]
[0, 14, 2, 15, 6, 26]
[0, 14, 7, 3, 26]
[0, 2, 7, 6, 13, 26]
[0, 14, 2, 18, 26]
[0, 14, 16, 26]
[0, 5, 3, 26]
[0, 14, 6, 10, 26]
[0, 2, 8, 13, 26]
[0, 2, 9, 3, 24, 26]
[0, 2, 7, 8, 10, 17, 26]
[0, 5, 21, 6, 26]
[0, 14, 7, 18, 6, 26]
[0, 5, 7, 8, 26]
[0, 14, 2, 21, 6, 26]
[0, 14, 2, 7, 8, 26]
[0, 14, 7, 3, 24, 26]
[0, 14, 16, 6, 26]
[0, 5, 7, 8, 17, 26]
[0, 5, 11, 7, 26]
[0, 5, 7, 18, 26]
[0, 11, 19, 7, 8, 26]
[0, 7, 18, 6, 13, 26]
[0, 14, 2, 7, 8, 17, 26]
[0, 5, 2, 21, 26]
[0, 5, 22, 26]
[0, 5, 7, 3, 26]
[0, 14, 7, 6, 10, 26]
[0, 2, 7, 8, 13, 26]
[0, 5, 2, 18, 26]
[0, 5, 16, 26]
[0, 14, 2, 22, 26]
[0, 14, 2, 7, 3, 26]
[0, 16, 6, 13, 26]
[0, 14, 16, 6, 24, 26]
[0, 14, 2, 16, 26]
[0, 5, 7, 18, 6, 26]
[0, 14, 6, 13, 26]
[0, 5, 2, 21, 6, 26]
[0, 5, 7, 10, 26]
[0, 19, 7, 8, 10, 26]
[0, 14, 7, 6, 4, 26]
[0, 2, 7, 8, 10, 1, 26]
[0, 7, 6, 10, 13, 26]
[0, 5, 7, 3, 24, 26]
[0, 5, 19, 7, 26]
[0, 5, 16, 6, 26]
[0, 14, 2, 7, 3, 24, 26]
[0, 14, 2, 16, 6, 26]
[0, 7, 18, 8, 13, 26]
[0, 14, 2, 21, 18, 26]
[0, 5, 21, 3, 26]
[0, 14, 7, 8, 10, 26]
[0, 2, 7, 18, 6, 13, 26]
[0, 14, 16, 8, 17, 26]
[0, 5, 19, 7, 6, 26]
[0, 2, 16, 8, 10, 26]
[0, 14, 7, 6, 13, 26]
[0, 5, 2, 16, 26]
[0, 5, 19, 8, 26]
[0, 5, 11, 7, 8, 26]
[0, 5, 7, 18, 8, 26]
[0, 2, 16, 6, 13, 26]
[0, 5, 11, 18, 6, 26]
[0, 14, 2, 21, 18, 6, 26]
[0, 14, 15, 8, 10, 26]
[0, 14, 2, 6, 13, 26]
[0, 5, 2, 18, 8, 26]
[0, 5, 16, 8, 26]
[0, 14, 15, 6, 13, 26]
[0, 14, 7, 6, 10, 1, 26]
[0, 5, 7, 18, 8, 17, 26]
[0, 5, 11, 7, 18, 26]
[0, 5, 2, 16, 6, 26]
[0, 5, 7, 18, 8, 24, 26]
[0, 14, 2, 23, 26]
[0, 14, 2, 21, 22, 26]
[0, 14, 2, 9, 3, 26]
[0, 5, 7, 8, 10, 26]
[0, 5, 16, 8, 17, 26]
[0, 5, 19, 7, 8, 26]
[0, 14, 2, 7, 8, 10, 26]
[0, 5, 7, 6, 13, 26]
[0, 5, 11, 7, 18, 6, 26]
[0, 5, 2, 8, 10, 26]
[0, 14, 16, 6, 10, 26]
[0, 2, 16, 8, 13, 26]
[0, 5, 7, 8, 10, 17, 26]
[0, 5, 11, 18, 8, 26]
[0, 5, 7, 18, 10, 26]
[0, 11, 19, 7, 8, 10, 26]
[0, 5, 2, 6, 13, 26]
[0, 14, 2, 7, 8, 10, 17, 26]
[0, 5, 11, 19, 7, 26]
[0, 14, 21, 9, 3, 26]
[0, 2, 7, 8, 10, 13, 26]
[0, 5, 12, 9, 26]
[0, 5, 19, 7, 3, 26]
[0, 14, 7, 3, 13, 26]
[0, 5, 2, 21, 22, 26]
[0, 5, 2, 9, 3, 26]
[0, 14, 7, 18, 8, 10, 26]
[0, 5, 7, 18, 6, 10, 26]
[0, 14, 16, 13, 26]
[0, 14, 6, 10, 13, 26]
[0, 5, 11, 19, 7, 6, 26]
[0, 5, 18, 8, 10, 26]
[0, 5, 7, 8, 13, 26]
[0, 5, 11, 19, 8, 26]
[0, 5, 11, 7, 18, 8, 26]
[0, 14, 16, 8, 10, 26]
[0, 14, 2, 7, 8, 13, 26]
[0, 14, 2, 16, 6, 10, 26]
[0, 14, 16, 6, 13, 26]
[0, 14, 2, 21, 18, 10, 26]
[0, 11, 19, 7, 8, 13, 26]
[0, 5, 7, 8, 10, 1, 26]
[0, 14, 23, 22, 26]
[0, 14, 2, 21, 9, 3, 26]
[0, 5, 7, 3, 13, 26]
[0, 14, 2, 7, 8, 10, 1, 26]
[0, 5, 11, 19, 3, 26]
[0, 5, 11, 7, 8, 10, 26]
[0, 5, 7, 18, 8, 10, 26]
[0, 14, 2, 7, 3, 13, 26]
[0, 5, 11, 19, 7, 8, 26]
[0, 5, 7, 18, 6, 13, 26]
[0, 5, 16, 8, 10, 26]
[0, 5, 2, 21, 6, 13, 26]
[0, 14, 2, 21, 9, 3, 24, 26]
[0, 5, 11, 7, 18, 10, 26]
[0, 14, 2, 16, 8, 10, 26]
[0, 5, 16, 6, 13, 26]
[0, 14, 2, 16, 6, 13, 26]
[0, 5, 11, 19, 7, 3, 26]
[0, 5, 19, 7, 8, 10, 26]
[0, 14, 7, 8, 10, 13, 26]
[0, 14, 2, 23, 22, 26]
[0, 5, 12, 9, 3, 26]
[0, 5, 19, 7, 6, 13, 26]
[0, 5, 11, 18, 8, 10, 26]
[0, 5, 7, 18, 8, 13, 26]
[0, 5, 11, 19, 7, 10, 26]
[0, 14, 2, 21, 18, 6, 13, 26]
[0, 14, 2, 21, 9, 3, 24, 25, 26]
[0, 5, 12, 9, 10, 26]
[0, 5, 16, 8, 13, 26]
[0, 5, 2, 16, 6, 13, 26]
[0, 5, 7, 8, 10, 13, 26]
[0, 5, 11, 19, 8, 10, 26]
[0, 5, 11, 7, 18, 8, 10, 26]
[0, 5, 19, 7, 8, 13, 26]
[0, 14, 2, 7, 8, 10, 13, 26]
[0, 5, 11, 7, 18, 6, 13, 26]
[0, 14, 16, 6, 10, 13, 26]
[0, 5, 7, 18, 10, 13, 26]
[0, 11, 19, 7, 8, 10, 13, 26]
[0, 14, 21, 9, 3, 13, 26]
[0, 5, 19, 7, 8, 10, 1, 26]
[0, 5, 19, 7, 3, 13, 26]
[0, 5, 11, 19, 7, 8, 10, 26]
[0, 5, 2, 9, 3, 13, 26]
[0, 14, 7, 18, 8, 10, 13, 26]
[0, 5, 7, 18, 6, 10, 13, 26]
[0, 5, 11, 19, 7, 6, 13, 26]
[0, 14, 16, 8, 10, 13, 26]
[0, 14, 2, 23, 3, 4, 26]
[0, 14, 2, 16, 6, 10, 13, 26]
[0, 14, 2, 21, 18, 10, 13, 26]
[0, 5, 11, 7, 18, 8, 4, 25, 26]
[0, 14, 2, 21, 9, 3, 13, 26]
[0, 5, 11, 7, 8, 10, 13, 26]
[0, 5, 7, 18, 8, 10, 13, 26]
[0, 5, 11, 19, 7, 8, 13, 26]
[0, 5, 16, 8, 10, 13, 26]
[0, 5, 11, 7, 18, 10, 13, 26]
[0, 14, 2, 16, 8, 10, 13, 26]
[0, 5, 11, 19, 7, 8, 10, 1, 26]
[0, 5, 11, 19, 7, 3, 13, 26]
[0, 5, 19, 7, 8, 10, 13, 26]
[0, 5, 12, 9, 3, 13, 26]
[0, 5, 11, 18, 8, 10, 13, 26]
[0, 5, 11, 19, 7, 10, 13, 26]
[0, 5, 12, 9, 10, 13, 26]
[0, 5, 11, 19, 8, 10, 13, 26]
[0, 5, 11, 7, 18, 8, 10, 13, 26]
[0, 5, 11, 19, 7, 8, 10, 13, 26]
[0, 25, 26]
[0, 15, 26]
[0, 20, 26]
[0, 15, 17, 26]
[0, 21, 26]
[0, 21, 17, 26]
[0, 7, 20, 26]
[0, 15, 25, 26]
[0, 2, 15, 26]
[0, 20, 25, 26]
[0, 21, 6, 17, 26]
[0, 15, 20, 26]
[0, 2, 15, 17, 26]
[0, 21, 25, 26]
[0, 2, 21, 26]
[0, 15, 1, 26]
[0, 20, 24, 25, 26]
[0, 12, 26]
[0, 20, 1, 26]
[0, 21, 20, 26]
[0, 7, 20, 25, 26]
[0, 18, 20, 26]
[0, 21, 1, 26]
[0, 12, 17, 26]
[0, 12, 6, 26]
[0, 21, 18, 26]
[0, 2, 21, 6, 17, 26]
[0, 21, 20, 24, 26]
[0, 15, 20, 25, 26]
[0, 2, 15, 20, 26]
[0, 7, 20, 1, 26]
[0, 2, 21, 25, 26]
[0, 9, 20, 26]
[0, 12, 25, 26]
[0, 15, 22, 26]
[0, 19, 20, 26]
[0, 21, 20, 25, 26]
[0, 2, 21, 20, 26]
[0, 15, 4, 26]
[0, 15, 20, 1, 26]
[0, 12, 8, 26]
[0, 12, 20, 26]
[0, 23, 26]
[0, 21, 22, 26]
[0, 12, 1, 26]
[0, 21, 20, 24, 25, 26]
[0, 21, 4, 26]
[0, 21, 20, 1, 26]
[0, 12, 18, 26]
[0, 19, 7, 20, 26]
[0, 18, 20, 1, 26]
[0, 12, 20, 24, 26]
[0, 9, 20, 25, 26]
[0, 12, 3, 26]
[0, 15, 22, 25, 26]
[0, 19, 20, 25, 26]
[0, 2, 15, 22, 26]
[0, 12, 18, 17, 26]
[0, 15, 4, 25, 26]
[0, 11, 19, 7, 26]
[0, 12, 18, 6, 26]
[0, 2, 15, 4, 26]
[0, 2, 15, 20, 1, 26]
[0, 12, 20, 25, 26]
[0, 12, 9, 26]
[0, 9, 20, 1, 26]
[0, 23, 25, 26]
[0, 2, 23, 26]
[0, 21, 9, 20, 26]
[0, 21, 4, 25, 26]
[0, 12, 22, 26]
[0, 2, 21, 4, 26]
[0, 2, 21, 20, 1, 26]
[0, 19, 7, 20, 25, 26]
[0, 12, 20, 24, 25, 26]
[0, 19, 7, 10, 26]
[0, 11, 19, 20, 26]
[0, 12, 4, 26]
[0, 12, 20, 1, 26]
[0, 21, 18, 10, 26]
[0, 2, 21, 18, 20, 26]
[0, 12, 22, 17, 26]
[0, 2, 15, 22, 25, 26]
[0, 12, 18, 8, 26]
[0, 12, 18, 20, 26]
[0, 2, 15, 4, 25, 26]
[0, 2, 21, 13, 26]
[0, 12, 6, 4, 26]
[0, 19, 7, 20, 1, 26]
[0, 12, 3, 24, 25, 26]
[0, 23, 3, 26]
[0, 12, 13, 26]
[0, 21, 18, 20, 1, 26]
[0, 2, 23, 25, 26]
[0, 21, 9, 20, 25, 26]
[0, 21, 9, 10, 26]
[0, 2, 21, 9, 20, 26]
[0, 2, 21, 4, 25, 26]
[0, 12, 8, 10, 26]
[0, 12, 9, 20, 26]
[0, 12, 4, 25, 26]
[0, 11, 19, 10, 26]
[0, 2, 23, 20, 26]
[0, 15, 22, 4, 26]
[0, 12, 9, 1, 26]
[0, 21, 9, 20, 24, 25, 26]
[0, 21, 9, 4, 26]
[0, 21, 9, 20, 1, 26]
[0, 23, 22, 26]
[0, 11, 9, 20, 1, 26]
[0, 12, 9, 20, 24, 26]
[0, 12, 6, 4, 25, 26]
[0, 12, 9, 3, 26]
[0, 23, 4, 26]
[0, 11, 19, 20, 1, 26]
[0, 2, 23, 3, 26]
[0, 15, 22, 13, 26]
[0, 2, 21, 18, 20, 1, 26]
[0, 21, 3, 4, 25, 26]
[0, 2, 21, 9, 20, 25, 26]
[0, 11, 19, 7, 10, 26]
[0, 12, 18, 4, 26]
[0, 12, 18, 20, 1, 26]
[0, 12, 9, 20, 25, 26]
[0, 12, 9, 10, 26]
[0, 12, 3, 4, 26]
[0, 15, 22, 4, 25, 26]
[0, 5, 19, 20, 26]
[0, 21, 22, 13, 26]
[0, 2, 15, 22, 4, 26]
[0, 21, 9, 4, 25, 26]
[0, 2, 21, 9, 20, 24, 25, 26]
[0, 12, 18, 6, 4, 26]
[0, 2, 21, 9, 20, 1, 26]
[0, 12, 9, 20, 24, 25, 26]
[0, 2, 23, 22, 26]
[0, 5, 12, 20, 26]
[0, 12, 9, 4, 26]
[0, 12, 9, 20, 1, 26]
[0, 12, 3, 13, 26]
[0, 2, 23, 4, 26]
[0, 2, 23, 20, 1, 26]
[0, 12, 18, 8, 10, 26]
[0, 14, 21, 9, 20, 26]
[0, 12, 22, 4, 26]
[0, 12, 18, 4, 25, 26]
[0, 5, 19, 7, 20, 26]
[0, 12, 18, 6, 13, 26]
[0, 12, 18, 10, 1, 26]
[0, 12, 3, 4, 25, 26]
[0, 14, 23, 20, 26]
[0, 12, 9, 13, 26]
[0, 12, 9, 3, 1, 26]
[0, 2, 15, 22, 4, 25, 26]
[0, 2, 23, 13, 26]
[0, 21, 9, 3, 4, 26]
[0, 12, 18, 6, 4, 25, 26]
[0, 12, 22, 13, 26]
[0, 11, 19, 7, 10, 1, 26]
[0, 12, 9, 4, 25, 26]
[0, 23, 3, 4, 26]
[0, 12, 9, 10, 1, 26]
[0, 2, 23, 4, 25, 26]
[0, 5, 19, 20, 1, 26]
[0, 12, 22, 4, 25, 26]
[0, 14, 2, 21, 9, 20, 26]
[0, 14, 2, 21, 4, 25, 26]
[0, 5, 11, 19, 20, 26]
[0, 5, 12, 4, 26]
[0, 5, 12, 20, 1, 26]
[0, 14, 15, 22, 4, 26]
[0, 21, 9, 3, 4, 25, 26]
[0, 23, 22, 4, 26]
[0, 12, 9, 3, 4, 26]
[0, 23, 3, 4, 25, 26]
[0, 14, 23, 4, 26]
[0, 14, 23, 20, 1, 26]
[0, 11, 19, 7, 8, 4, 25, 26]
[0, 5, 11, 19, 7, 20, 26]
[0, 5, 2, 21, 4, 25, 26]
[0, 5, 12, 9, 20, 26]
[0, 5, 12, 4, 25, 26]
[0, 12, 9, 3, 13, 26]
[0, 14, 15, 22, 4, 25, 26]
[0, 14, 2, 15, 22, 4, 26]
[0, 23, 22, 4, 25, 26]
[0, 11, 19, 7, 10, 13, 26]
[0, 2, 23, 22, 4, 26]
[0, 12, 9, 3, 4, 25, 26]
[0, 12, 9, 10, 13, 26]
[0, 5, 11, 19, 20, 1, 26]
[0, 14, 23, 4, 25, 26]
[0, 14, 2, 23, 4, 26]
[0, 5, 21, 3, 4, 25, 26]
[0, 5, 11, 19, 7, 20, 25, 26]
[0, 14, 2, 23, 22, 17, 26]
[0, 14, 2, 21, 3, 4, 25, 26]
[0, 5, 12, 9, 20, 25, 26]
[0, 2, 23, 22, 13, 26]
[0, 5, 15, 22, 4, 25, 26]
[0, 5, 11, 19, 7, 10, 17, 26]
[0, 14, 2, 15, 22, 4, 25, 26]
[0, 5, 11, 19, 7, 20, 1, 26]
[0, 2, 23, 22, 4, 25, 26]
[0, 5, 12, 9, 4, 26]
[0, 5, 12, 9, 20, 1, 26]
[0, 5, 2, 21, 22, 4, 26]
[0, 14, 2, 23, 4, 25, 26]
[0, 5, 12, 22, 4, 26]
[0, 5, 2, 21, 3, 4, 25, 26]
[0, 5, 12, 3, 4, 25, 26]
[0, 5, 12, 9, 3, 1, 26]
[0, 5, 11, 19, 7, 4, 25, 26]
[0, 14, 23, 22, 4, 26]
[0, 5, 12, 9, 4, 25, 26]
[0, 5, 12, 9, 10, 1, 26]
[0, 5, 2, 21, 22, 4, 25, 26]
[0, 5, 12, 22, 4, 25, 26]
[0, 5, 11, 19, 8, 4, 25, 26]
[0, 14, 23, 22, 4, 25, 26]
[0, 14, 2, 23, 22, 4, 26]
[0, 14, 2, 23, 3, 4, 25, 26]
[0, 5, 11, 19, 7, 3, 4, 25, 26]
[0, 14, 2, 23, 22, 4, 25, 26]
[0, 18, 17, 26]
[0, 18, 6, 17, 26]
[0, 7, 18, 17, 26]
[0, 16, 17, 26]
[0, 18, 8, 17, 26]
[0, 21, 18, 17, 26]
[0, 18, 10, 26]
[0, 14, 15, 17, 26]
[0, 18, 10, 17, 26]
[0, 11, 7, 18, 17, 26]
[0, 7, 18, 10, 26]
[0, 21, 18, 8, 17, 26]
[0, 11, 18, 8, 17, 26]
[0, 18, 8, 10, 26]
[0, 2, 15, 13, 26]
[0, 18, 10, 1, 26]
[0, 11, 7, 18, 8, 17, 26]
[0, 14, 16, 17, 26]
[0, 7, 18, 10, 1, 26]
[0, 11, 7, 18, 10, 26]
[0, 18, 8, 10, 1, 26]
[0, 5, 16, 17, 26]
[0, 5, 18, 8, 17, 26]
[0, 14, 15, 13, 26]
[0, 5, 18, 10, 26]
[0, 11, 7, 18, 6, 13, 26]
[0, 11, 7, 18, 10, 1, 26]
[0, 5, 18, 10, 17, 26]
[0, 5, 11, 7, 18, 17, 26]
[0, 5, 18, 6, 13, 26]
[0, 5, 18, 10, 1, 26]
[0, 5, 11, 7, 18, 8, 17, 26]
[0, 21, 24, 26]
[0, 21, 3, 24, 26]
[0, 18, 3, 24, 26]
[0, 2, 15, 3, 24, 26]
[0, 23, 24, 26]
[0, 19, 7, 8, 17, 26]
[0, 2, 21, 3, 24, 26]
[0, 12, 3, 24, 26]
[0, 2, 15, 22, 24, 26]
[0, 19, 7, 3, 24, 26]
[0, 2, 23, 24, 26]
[0, 21, 9, 3, 24, 26]
[0, 14, 15, 3, 24, 26]
[0, 23, 3, 24, 26]
[0, 14, 15, 22, 24, 26]
[0, 23, 22, 24, 26]
[0, 12, 9, 3, 24, 26]
[0, 2, 23, 3, 24, 26]
[0, 5, 18, 3, 24, 26]
[0, 2, 23, 22, 24, 26]
[0, 5, 19, 7, 3, 24, 26]
[0, 11, 19, 7, 8, 17, 26]
