r101
[0, 49, 10, 51]
[0, 38, 46, 51]
[0, 35, 1, 51]
[0, 36, 40, 3, 32, 51]
[0, 23, 20, 25, 51]
[0, 34, 48, 51]
[0, 11, 7, 51]
[0, 39, 8, 4, 51]
[0, 43, 17, 51]
[0, 47, 9, 51]
[0, 14, 21, 51]
[0, 19, 18, 51]
[0, 44, 16, 51]
[0, 15, 51]
[0, 24, 51]
[0, 29, 22, 51]
[0, 41, 51]
[0, 45, 30, 51]
[0, 33, 31, 51]
[0, 42, 2, 51]
[0, 5, 12, 51]
[0, 37, 51]
[0, 50, 26, 51]
[0, 6, 51]
[0, 13, 51]
[0, 28, 51]
[0, 27, 51]
[0, 17, 51]
[0, 46, 17, 51]
[0, 7, 51]
[0, 6, 17, 51]
[0, 6, 24, 51]
[0, 2, 51]
[0, 7, 17, 51]
[0, 7, 6, 51]
[0, 7, 46, 17, 51]
[0, 20, 51]
[0, 2, 6, 51]
[0, 1, 51]
[0, 7, 6, 17, 51]
[0, 15, 6, 51]
[0, 6, 37, 51]
[0, 7, 6, 24, 51]
[0, 18, 51]
[0, 2, 7, 51]
[0, 2, 41, 51]
[0, 2, 6, 17, 51]
[0, 20, 24, 51]
[0, 15, 41, 51]
[0, 3, 51]
[0, 7, 8, 51]
[0, 34, 51]
[0, 7, 20, 51]
[0, 2, 15, 51]
[0, 2, 7, 6, 51]
[0, 7, 1, 51]
[0, 7, 37, 17, 51]
[0, 2, 40, 51]
[0, 38, 51]
[0, 9, 51]
[0, 7, 6, 37, 51]
[0, 2, 20, 51]
[0, 3, 24, 51]
[0, 7, 18, 51]
[0, 15, 20, 51]
[0, 2, 7, 6, 17, 51]
[0, 7, 20, 24, 51]
[0, 2, 21, 51]
[0, 2, 15, 6, 51]
[0, 7, 3, 51]
[0, 2, 18, 51]
[0, 36, 7, 20, 51]
[0, 20, 1, 51]
[0, 14, 51]
[0, 42, 2, 15, 51]
[0, 7, 18, 6, 51]
[0, 2, 3, 51]
[0, 30, 51]
[0, 15, 3, 51]
[0, 2, 7, 20, 51]
[0, 7, 3, 24, 51]
[0, 36, 7, 18, 51]
[0, 2, 18, 6, 51]
[0, 40, 3, 51]
[0, 7, 34, 24, 51]
[0, 7, 20, 35, 51]
[0, 7, 18, 6, 17, 51]
[0, 42, 2, 15, 6, 51]
[0, 2, 38, 51]
[0, 41, 22, 51]
[0, 22, 41, 51]
[0, 36, 7, 3, 51]
[0, 3, 1, 51]
[0, 2, 15, 40, 51]
[0, 2, 7, 18, 51]
[0, 33, 3, 51]
[0, 2, 15, 20, 51]
[0, 7, 20, 1, 51]
[0, 42, 14, 51]
[0, 14, 7, 51]
[0, 36, 7, 18, 6, 51]
[0, 2, 22, 51]
[0, 42, 2, 3, 51]
[0, 2, 7, 3, 51]
[0, 9, 20, 51]
[0, 5, 51]
[0, 2, 16, 51]
[0, 15, 22, 51]
[0, 42, 15, 3, 51]
[0, 7, 18, 20, 51]
[0, 31, 51]
[0, 14, 2, 51]
[0, 2, 7, 18, 6, 51]
[0, 7, 6, 4, 51]
[0, 15, 20, 1, 51]
[0, 14, 15, 51]
[0, 14, 7, 6, 51]
[0, 42, 41, 22, 51]
[0, 2, 15, 3, 51]
[0, 7, 3, 1, 51]
[0, 42, 2, 15, 40, 51]
[0, 11, 7, 18, 51]
[0, 2, 16, 6, 51]
[0, 42, 2, 7, 18, 51]
[0, 9, 3, 51]
[0, 7, 18, 20, 24, 51]
[0, 42, 14, 7, 51]
[0, 14, 2, 6, 51]
[0, 2, 41, 22, 51]
[0, 11, 7, 3, 51]
[0, 42, 2, 7, 3, 51]
[0, 30, 20, 51]
[0, 2, 3, 1, 51]
[0, 5, 7, 51]
[0, 14, 15, 6, 51]
[0, 15, 41, 22, 51]
[0, 2, 21, 3, 51]
[0, 7, 3, 50, 51]
[0, 36, 7, 18, 20, 51]
[0, 2, 41, 4, 51]
[0, 2, 7, 20, 1, 51]
[0, 27, 28, 51]
[0, 33, 30, 51]
[0, 31, 7, 51]
[0, 14, 2, 7, 51]
[0, 42, 2, 7, 18, 6, 51]
[0, 12, 3, 51]
[0, 2, 18, 3, 51]
[0, 2, 9, 20, 51]
[0, 3, 4, 51]
[0, 5, 2, 51]
[0, 27, 7, 18, 51]
[0, 2, 15, 22, 51]
[0, 42, 2, 15, 3, 51]
[0, 2, 7, 18, 20, 51]
[0, 5, 15, 51]
[0, 42, 2, 16, 6, 51]
[0, 5, 7, 6, 51]
[0, 21, 41, 22, 51]
[0, 21, 22, 41, 51]
[0, 30, 3, 51]
[0, 2, 15, 20, 1, 51]
[0, 14, 2, 15, 51]
[0, 42, 2, 41, 22, 51]
[0, 42, 15, 40, 3, 51]
[0, 19, 7, 3, 51]
[0, 7, 3, 26, 51]
[0, 9, 20, 1, 51]
[0, 14, 2, 40, 51]
[0, 42, 14, 15, 6, 51]
[0, 27, 7, 18, 6, 51]
[0, 14, 38, 51]
[0, 42, 15, 41, 22, 51]
[0, 2, 9, 3, 51]
[0, 7, 18, 20, 1, 51]
[0, 14, 15, 40, 51]
[0, 42, 14, 18, 51]
[0, 14, 7, 18, 51]
[0, 30, 9, 51]
[0, 2, 15, 40, 3, 51]
[0, 2, 3, 26, 51]
[0, 42, 2, 9, 20, 51]
[0, 7, 3, 4, 51]
[0, 14, 2, 21, 51]
[0, 5, 18, 51]
[0, 14, 2, 15, 6, 51]
[0, 2, 15, 41, 22, 51]
[0, 29, 9, 3, 51]
[0, 42, 2, 7, 18, 20, 51]
[0, 2, 18, 20, 1, 51]
[0, 14, 2, 18, 51]
[0, 2, 40, 22, 41, 51]
[0, 5, 3, 51]
[0, 2, 15, 38, 37, 51]
[0, 42, 14, 7, 20, 51]
[0, 2, 3, 4, 51]
[0, 27, 11, 18, 51]
[0, 42, 14, 18, 6, 51]
[0, 14, 7, 18, 6, 51]
[0, 14, 2, 15, 41, 51]
[0, 33, 9, 3, 51]
[0, 15, 3, 4, 51]
[0, 30, 20, 1, 51]
[0, 5, 18, 6, 51]
[0, 42, 14, 38, 51]
[0, 2, 21, 41, 22, 51]
[0, 2, 21, 22, 41, 51]
[0, 42, 2, 9, 3, 51]
[0, 14, 2, 7, 20, 51]
[0, 40, 3, 4, 51]
[0, 5, 2, 40, 51]
[0, 42, 14, 7, 18, 51]
[0, 14, 2, 18, 6, 51]
[0, 2, 16, 38, 51]
[0, 42, 2, 15, 40, 3, 51]
[0, 9, 3, 50, 51]
[0, 2, 7, 3, 26, 51]
[0, 36, 7, 3, 4, 51]
[0, 2, 9, 20, 1, 51]
[0, 27, 31, 51]
[0, 5, 15, 40, 51]
[0, 33, 31, 7, 51]
[0, 5, 7, 18, 51]
[0, 42, 2, 15, 41, 22, 51]
[0, 42, 14, 7, 3, 51]
[0, 2, 21, 9, 20, 51]
[0, 33, 3, 4, 51]
[0, 2, 7, 18, 20, 1, 51]
[0, 5, 2, 21, 51]
[0, 14, 2, 15, 40, 51]
[0, 31, 7, 18, 51]
[0, 5, 7, 3, 51]
[0, 2, 7, 3, 4, 51]
[0, 5, 2, 18, 51]
[0, 42, 14, 7, 18, 6, 51]
[0, 14, 2, 22, 51]
[0, 28, 9, 3, 51]
[0, 14, 2, 7, 3, 51]
[0, 42, 15, 3, 4, 51]
[0, 2, 3, 4, 25, 51]
[0, 14, 2, 16, 51]
[0, 5, 7, 18, 6, 51]
[0, 5, 2, 3, 51]
[0, 9, 3, 26, 51]
[0, 30, 9, 20, 51]
[0, 2, 9, 3, 1, 51]
[0, 14, 2, 21, 40, 51]
[0, 5, 30, 51]
[0, 42, 14, 16, 6, 51]
[0, 31, 7, 18, 6, 51]
[0, 5, 15, 3, 51]
[0, 2, 21, 9, 3, 51]
[0, 2, 15, 3, 4, 51]
[0, 31, 30, 51]
[0, 5, 2, 18, 6, 51]
[0, 42, 14, 41, 22, 51]
[0, 14, 2, 15, 3, 51]
[0, 9, 3, 4, 51]
[0, 28, 27, 7, 18, 51]
[0, 14, 2, 16, 6, 51]
[0, 42, 14, 15, 38, 51]
[0, 14, 9, 3, 51]
[0, 2, 9, 3, 50, 51]
[0, 42, 2, 7, 3, 4, 51]
[0, 30, 9, 20, 24, 51]
[0, 33, 31, 18, 51]
[0, 14, 2, 21, 18, 51]
[0, 14, 2, 41, 22, 51]
[0, 30, 9, 3, 51]
[0, 2, 7, 3, 4, 25, 51]
[0, 28, 27, 16, 51]
[0, 31, 11, 18, 51]
[0, 27, 31, 7, 6, 51]
[0, 31, 30, 6, 51]
[0, 42, 14, 15, 22, 51]
[0, 14, 15, 41, 22, 51]
[0, 14, 2, 21, 3, 51]
[0, 5, 18, 3, 51]
[0, 30, 3, 26, 51]
[0, 5, 9, 20, 51]
[0, 2, 18, 3, 4, 51]
[0, 27, 31, 40, 51]
[0, 42, 2, 44, 16, 6, 51]
[0, 5, 2, 16, 51]
[0, 28, 27, 7, 18, 6, 51]
[0, 5, 15, 22, 51]
[0, 42, 2, 15, 40, 22, 41, 51]
[0, 31, 11, 3, 51]
[0, 42, 2, 21, 9, 3, 51]
[0, 14, 2, 18, 3, 51]
[0, 14, 2, 9, 20, 51]
[0, 42, 2, 15, 3, 4, 51]
[0, 28, 27, 30, 51]
[0, 33, 31, 18, 6, 51]
[0, 14, 2, 21, 18, 6, 51]
[0, 14, 2, 15, 22, 51]
[0, 33, 9, 3, 50, 51]
[0, 2, 9, 3, 26, 51]
[0, 30, 3, 4, 51]
[0, 30, 9, 3, 24, 51]
[0, 28, 27, 19, 7, 51]
[0, 28, 27, 16, 6, 51]
[0, 31, 11, 18, 6, 51]
[0, 5, 2, 18, 8, 51]
[0, 14, 44, 38, 51]
[0, 14, 21, 41, 22, 51]
[0, 14, 21, 22, 41, 51]
[0, 28, 29, 9, 3, 51]
[0, 42, 14, 9, 3, 51]
[0, 7, 3, 26, 4, 51]
[0, 27, 31, 11, 51]
[0, 27, 31, 18, 51]
[0, 33, 31, 7, 18, 51]
[0, 14, 15, 40, 22, 51]
[0, 14, 16, 38, 51]
[0, 5, 9, 3, 51]
[0, 2, 9, 3, 4, 51]
[0, 31, 11, 7, 18, 51]
[0, 14, 2, 21, 22, 51]
[0, 42, 14, 15, 41, 22, 51]
[0, 14, 2, 9, 3, 51]
[0, 2, 3, 26, 4, 51]
[0, 30, 9, 20, 1, 51]
[0, 14, 44, 16, 51]
[0, 27, 31, 7, 8, 51]
[0, 5, 15, 41, 22, 51]
[0, 14, 2, 15, 40, 3, 51]
[0, 33, 9, 3, 26, 51]
[0, 33, 30, 9, 20, 51]
[0, 2, 15, 41, 22, 4, 51]
[0, 27, 31, 18, 6, 51]
[0, 33, 31, 7, 18, 6, 51]
[0, 14, 2, 15, 41, 22, 51]
[0, 5, 2, 18, 3, 51]
[0, 42, 2, 9, 3, 26, 51]
[0, 5, 2, 9, 20, 51]
[0, 5, 3, 4, 51]
[0, 14, 2, 18, 20, 1, 51]
[0, 28, 27, 31, 51]
[0, 33, 31, 30, 51]
[0, 31, 11, 7, 18, 6, 51]
[0, 14, 2, 40, 22, 41, 51]
[0, 33, 12, 9, 3, 51]
[0, 5, 2, 3, 50, 51]
[0, 42, 2, 15, 40, 3, 26, 51]
[0, 9, 3, 50, 26, 51]
[0, 33, 9, 3, 4, 51]
[0, 27, 31, 11, 7, 51]
[0, 27, 31, 7, 18, 51]
[0, 42, 14, 16, 38, 51]
[0, 14, 15, 40, 22, 41, 51]
[0, 5, 30, 3, 51]
[0, 42, 2, 9, 3, 4, 51]
[0, 30, 9, 3, 1, 51]
[0, 31, 11, 19, 7, 51]
[0, 27, 31, 22, 51]
[0, 14, 2, 21, 41, 22, 51]
[0, 14, 2, 21, 22, 41, 51]
[0, 33, 30, 9, 3, 51]
[0, 42, 2, 3, 26, 4, 51]
[0, 5, 9, 20, 1, 51]
[0, 9, 3, 50, 4, 51]
[0, 2, 7, 3, 26, 4, 51]
[0, 42, 14, 44, 16, 51]
[0, 33, 31, 30, 6, 51]
[0, 5, 2, 21, 22, 51]
[0, 14, 2, 15, 40, 22, 51]
[0, 14, 9, 3, 50, 51]
[0, 5, 2, 9, 3, 51]
[0, 27, 30, 9, 20, 51]
[0, 42, 14, 7, 3, 4, 51]
[0, 14, 2, 9, 20, 1, 51]
[0, 5, 44, 16, 51]
[0, 27, 31, 7, 18, 6, 51]
[0, 30, 9, 3, 50, 51]
[0, 5, 7, 3, 4, 51]
[0, 27, 31, 30, 51]
[0, 31, 30, 9, 51]
[0, 28, 12, 9, 3, 51]
[0, 5, 15, 3, 26, 51]
[0, 2, 21, 9, 3, 26, 51]
[0, 14, 2, 7, 3, 4, 51]
[0, 27, 31, 19, 7, 51]
[0, 42, 14, 44, 16, 6, 51]
[0, 14, 2, 21, 40, 22, 51]
[0, 5, 2, 40, 22, 41, 51]
[0, 42, 2, 21, 9, 3, 50, 51]
[0, 14, 2, 15, 3, 26, 51]
[0, 9, 3, 26, 4, 51]
[0, 5, 44, 16, 6, 51]
[0, 27, 31, 41, 22, 51]
[0, 5, 15, 40, 22, 41, 51]
[0, 27, 30, 9, 3, 51]
[0, 2, 21, 9, 3, 4, 51]
[0, 27, 31, 11, 18, 51]
[0, 14, 2, 44, 16, 6, 51]
[0, 27, 31, 30, 6, 51]
[0, 5, 2, 21, 41, 22, 51]
[0, 5, 2, 21, 22, 41, 51]
[0, 33, 31, 9, 3, 51]
[0, 14, 2, 21, 9, 3, 51]
[0, 30, 9, 3, 26, 51]
[0, 14, 2, 15, 3, 4, 51]
[0, 28, 27, 31, 40, 51]
[0, 27, 31, 19, 7, 6, 51]
[0, 5, 12, 41, 22, 51]
[0, 5, 12, 22, 41, 51]
[0, 27, 31, 11, 3, 51]
[0, 31, 11, 9, 3, 51]
[0, 5, 9, 3, 50, 51]
[0, 5, 18, 3, 26, 51]
[0, 27, 31, 9, 20, 51]
[0, 14, 9, 3, 4, 51]
[0, 27, 31, 11, 7, 8, 51]
[0, 27, 31, 7, 18, 8, 51]
[0, 28, 27, 30, 9, 51]
[0, 14, 2, 23, 3, 51]
[0, 14, 2, 9, 3, 50, 51]
[0, 30, 9, 3, 4, 51]
[0, 27, 31, 11, 18, 6, 51]
[0, 14, 2, 21, 40, 22, 41, 51]
[0, 27, 28, 29, 9, 3, 51]
[0, 14, 2, 15, 40, 3, 50, 51]
[0, 33, 9, 3, 50, 26, 51]
[0, 30, 3, 26, 4, 51]
[0, 28, 27, 31, 18, 51]
[0, 5, 2, 21, 40, 22, 51]
[0, 39, 21, 9, 3, 51]
[0, 14, 21, 22, 41, 26, 51]
[0, 28, 29, 9, 3, 26, 51]
[0, 42, 14, 9, 3, 26, 51]
[0, 14, 2, 18, 3, 4, 51]
[0, 27, 31, 11, 7, 18, 51]
[0, 27, 31, 9, 3, 51]
[0, 5, 9, 3, 26, 51]
[0, 5, 30, 9, 20, 51]
[0, 2, 9, 3, 26, 4, 51]
[0, 28, 27, 31, 7, 8, 51]
[0, 14, 44, 16, 38, 51]
[0, 27, 31, 11, 7, 3, 51]
[0, 5, 30, 3, 50, 51]
[0, 14, 2, 9, 3, 26, 51]
[0, 31, 30, 9, 20, 51]
[0, 42, 14, 9, 3, 4, 51]
[0, 30, 9, 3, 50, 1, 51]
[0, 28, 27, 31, 18, 6, 51]
[0, 14, 2, 23, 22, 51]
[0, 5, 12, 9, 3, 51]
[0, 33, 30, 9, 3, 50, 51]
[0, 5, 9, 3, 4, 51]
[0, 27, 31, 11, 7, 18, 6, 51]
[0, 33, 31, 30, 9, 51]
[0, 14, 2, 15, 41, 22, 26, 51]
[0, 5, 2, 9, 3, 50, 51]
[0, 14, 2, 9, 3, 4, 51]
[0, 28, 27, 31, 7, 18, 51]
[0, 5, 2, 21, 40, 22, 41, 51]
[0, 5, 30, 9, 3, 51]
[0, 33, 9, 3, 26, 4, 51]
[0, 27, 31, 11, 19, 7, 51]
[0, 28, 27, 31, 22, 51]
[0, 5, 12, 40, 22, 41, 51]
[0, 31, 30, 9, 3, 51]
[0, 42, 2, 9, 3, 26, 4, 51]
[0, 30, 9, 3, 26, 1, 51]
[0, 39, 23, 22, 51]
[0, 27, 28, 12, 40, 22, 51]
[0, 42, 14, 44, 16, 38, 51]
[0, 14, 2, 21, 22, 41, 26, 51]
[0, 27, 31, 19, 7, 3, 51]
[0, 33, 30, 9, 3, 26, 51]
[0, 42, 2, 15, 40, 3, 26, 4, 51]
[0, 27, 31, 9, 20, 1, 51]
[0, 9, 3, 50, 26, 4, 51]
[0, 2, 9, 3, 26, 4, 25, 51]
[0, 28, 27, 31, 7, 18, 6, 51]
[0, 27, 30, 9, 3, 50, 51]
[0, 5, 2, 9, 3, 26, 51]
[0, 5, 30, 3, 4, 51]
[0, 5, 30, 9, 3, 24, 51]
[0, 28, 27, 31, 30, 51]
[0, 27, 31, 30, 9, 51]
[0, 27, 28, 12, 9, 3, 51]
[0, 33, 31, 9, 3, 50, 51]
[0, 14, 2, 21, 9, 3, 50, 51]
[0, 30, 9, 3, 50, 26, 51]
[0, 33, 30, 9, 3, 4, 51]
[0, 28, 27, 31, 19, 7, 51]
[0, 27, 31, 11, 7, 18, 8, 51]
[0, 28, 27, 31, 40, 3, 51]
[0, 31, 11, 9, 3, 50, 51]
[0, 28, 12, 9, 3, 26, 51]
[0, 42, 2, 9, 3, 26, 13, 51]
[0, 5, 2, 9, 3, 4, 51]
[0, 39, 12, 40, 22, 41, 51]
[0, 28, 27, 30, 9, 3, 51]
[0, 5, 2, 3, 26, 4, 51]
[0, 5, 30, 9, 20, 1, 51]
[0, 30, 9, 3, 50, 4, 51]
[0, 28, 27, 31, 30, 6, 51]
[0, 27, 28, 29, 9, 3, 50, 51]
[0, 27, 30, 9, 3, 26, 51]
[0, 5, 15, 3, 26, 4, 51]
[0, 2, 21, 9, 3, 26, 4, 51]
[0, 31, 30, 9, 20, 1, 51]
[0, 28, 27, 31, 11, 3, 51]
[0, 27, 31, 11, 9, 3, 51]
[0, 33, 31, 9, 3, 26, 51]
[0, 14, 2, 21, 9, 3, 26, 51]
[0, 33, 31, 30, 9, 20, 51]
[0, 14, 2, 15, 3, 26, 4, 51]
[0, 28, 27, 31, 7, 18, 8, 51]
[0, 27, 31, 9, 3, 50, 51]
[0, 31, 11, 9, 3, 26, 51]
[0, 5, 2, 9, 3, 13, 51]
[0, 27, 30, 9, 3, 4, 51]
[0, 27, 31, 11, 19, 7, 8, 51]
[0, 28, 27, 31, 40, 22, 51]
[0, 27, 28, 12, 40, 3, 50, 51]
[0, 27, 31, 11, 7, 3, 50, 51]
[0, 14, 2, 23, 3, 26, 51]
[0, 14, 2, 9, 3, 50, 26, 51]
[0, 30, 9, 3, 26, 4, 51]
[0, 5, 12, 9, 3, 50, 51]
[0, 27, 28, 29, 9, 3, 26, 51]
[0, 14, 2, 15, 40, 3, 50, 26, 51]
[0, 2, 21, 9, 3, 26, 13, 51]
[0, 31, 11, 9, 3, 4, 51]
[0, 31, 30, 9, 3, 1, 51]
[0, 28, 27, 31, 11, 19, 51]
[0, 33, 31, 30, 9, 3, 51]
[0, 42, 2, 21, 9, 3, 26, 4, 51]
[0, 14, 2, 9, 3, 50, 4, 51]
[0, 14, 2, 18, 3, 26, 4, 51]
[0, 5, 30, 9, 3, 50, 51]
[0, 27, 31, 30, 9, 20, 51]
[0, 27, 30, 9, 3, 50, 1, 51]
[0, 2, 21, 9, 3, 26, 4, 25, 51]
[0, 28, 27, 31, 19, 7, 8, 51]
[0, 31, 30, 9, 3, 50, 51]
[0, 28, 29, 9, 3, 26, 4, 51]
[0, 42, 14, 9, 3, 26, 4, 51]
[0, 14, 2, 23, 22, 26, 51]
[0, 5, 12, 9, 3, 26, 51]
[0, 33, 30, 9, 3, 50, 26, 51]
[0, 5, 9, 3, 26, 4, 51]
[0, 27, 30, 9, 3, 4, 25, 51]
[0, 39, 12, 9, 3, 50, 51]
[0, 33, 31, 30, 9, 26, 51]
[0, 28, 27, 31, 7, 18, 10, 51]
[0, 14, 2, 18, 3, 26, 13, 51]
[0, 14, 2, 9, 3, 26, 4, 51]
[0, 27, 31, 30, 9, 3, 51]
[0, 5, 30, 9, 3, 26, 51]
[0, 14, 2, 15, 40, 3, 26, 4, 51]
[0, 33, 30, 9, 3, 50, 4, 51]
[0, 28, 27, 31, 40, 3, 50, 51]
[0, 31, 30, 9, 3, 26, 51]
[0, 14, 2, 15, 41, 22, 26, 4, 51]
[0, 5, 2, 18, 3, 26, 4, 51]
[0, 28, 27, 30, 9, 3, 50, 51]
[0, 5, 30, 9, 3, 4, 51]
[0, 28, 27, 31, 30, 9, 51]
[0, 14, 2, 23, 41, 22, 26, 51]
[0, 39, 12, 9, 3, 26, 51]
[0, 27, 31, 30, 9, 10, 51]
[0, 27, 30, 9, 3, 50, 26, 51]
[0, 31, 30, 9, 3, 4, 51]
[0, 28, 27, 31, 11, 3, 50, 51]
[0, 27, 31, 11, 9, 3, 50, 51]
[0, 27, 28, 12, 9, 3, 26, 51]
[0, 33, 31, 9, 3, 50, 26, 51]
[0, 33, 30, 9, 3, 50, 13, 51]
[0, 33, 30, 9, 3, 26, 4, 51]
[0, 28, 27, 31, 19, 7, 26, 51]
[0, 27, 31, 11, 19, 3, 50, 51]
[0, 28, 27, 31, 40, 3, 26, 51]
[0, 5, 2, 18, 3, 26, 13, 51]
[0, 14, 2, 15, 40, 22, 26, 4, 51]
[0, 33, 31, 30, 9, 3, 1, 51]
[0, 5, 2, 9, 3, 26, 4, 51]
[0, 39, 12, 40, 22, 41, 26, 51]
[0, 28, 27, 30, 9, 3, 26, 51]
[0, 27, 28, 12, 9, 3, 4, 51]
[0, 27, 31, 30, 9, 20, 1, 51]
[0, 30, 9, 3, 50, 26, 4, 51]
[0, 28, 27, 31, 30, 6, 26, 51]
[0, 27, 28, 29, 9, 3, 50, 26, 51]
[0, 31, 30, 9, 3, 13, 51]
[0, 28, 12, 9, 3, 26, 4, 51]
[0, 31, 30, 9, 3, 50, 1, 51]
[0, 33, 31, 30, 9, 3, 50, 51]
[0, 33, 30, 9, 3, 26, 13, 51]
[0, 28, 27, 30, 9, 3, 4, 51]
[0, 5, 30, 9, 3, 4, 25, 51]
[0, 28, 27, 31, 19, 8, 26, 51]
[0, 28, 27, 31, 19, 3, 50, 51]
[0, 27, 31, 11, 19, 3, 26, 51]
[0, 27, 31, 9, 3, 50, 26, 51]
[0, 5, 2, 9, 3, 26, 13, 51]
[0, 27, 30, 9, 3, 26, 4, 51]
[0, 28, 27, 31, 40, 22, 26, 51]
[0, 27, 31, 11, 19, 7, 3, 50, 51]
[0, 30, 9, 3, 50, 26, 13, 51]
[0, 33, 31, 9, 3, 26, 4, 51]
[0, 14, 2, 21, 9, 3, 26, 4, 51]
[0, 28, 27, 31, 11, 19, 10, 51]
[0, 5, 12, 9, 3, 50, 26, 51]
[0, 31, 11, 9, 3, 26, 4, 51]
[0, 31, 30, 9, 3, 26, 1, 51]
[0, 28, 27, 31, 11, 19, 26, 51]
[0, 33, 31, 30, 9, 3, 26, 51]
[0, 28, 27, 30, 9, 3, 50, 1, 51]
[0, 5, 30, 9, 20, 32, 1, 51]
[0, 14, 2, 9, 3, 50, 26, 4, 51]
[0, 27, 31, 30, 9, 3, 50, 51]
[0, 5, 30, 9, 3, 50, 26, 51]
[0, 27, 28, 29, 9, 3, 26, 4, 51]
[0, 27, 30, 9, 3, 50, 26, 1, 51]
[0, 31, 30, 9, 20, 32, 1, 51]
[0, 28, 27, 31, 19, 7, 3, 50, 51]
[0, 27, 31, 11, 19, 7, 3, 26, 51]
[0, 31, 30, 9, 3, 50, 26, 51]
[0, 33, 31, 30, 9, 3, 4, 51]
[0, 31, 11, 9, 3, 26, 13, 51]
[0, 27, 31, 9, 3, 26, 4, 51]
[0, 5, 30, 9, 3, 50, 4, 51]
[0, 27, 30, 9, 3, 26, 4, 25, 51]
[0, 28, 27, 31, 30, 9, 3, 51]
[0, 27, 31, 11, 7, 3, 26, 4, 51]
[0, 28, 27, 30, 9, 3, 26, 1, 51]
[0, 31, 30, 9, 3, 50, 4, 51]
[0, 27, 31, 30, 9, 3, 26, 51]
[0, 5, 12, 9, 3, 26, 4, 51]
[0, 33, 30, 9, 3, 50, 26, 4, 51]
[0, 28, 27, 31, 19, 7, 3, 26, 51]
[0, 33, 31, 30, 9, 3, 13, 51]
[0, 33, 31, 30, 9, 3, 50, 1, 51]
[0, 27, 31, 30, 9, 3, 35, 1, 51]
[0, 14, 2, 9, 3, 50, 26, 4, 25, 51]
[0, 28, 27, 31, 30, 9, 10, 51]
[0, 28, 27, 30, 9, 3, 50, 26, 51]
[0, 5, 30, 9, 3, 26, 4, 51]
[0, 28, 27, 31, 30, 9, 26, 51]
[0, 31, 30, 9, 3, 50, 13, 51]
[0, 31, 30, 9, 3, 26, 4, 51]
[0, 28, 27, 31, 11, 19, 8, 26, 51]
[0, 28, 27, 31, 11, 3, 50, 26, 51]
[0, 33, 30, 9, 3, 50, 26, 13, 51]
[0, 5, 12, 9, 3, 50, 26, 1, 51]
[0, 28, 27, 30, 9, 3, 50, 4, 51]
[0, 5, 30, 9, 3, 50, 4, 25, 51]
[0, 28, 27, 31, 7, 18, 10, 13, 51]
[0, 39, 12, 9, 3, 26, 4, 51]
[0, 28, 27, 31, 30, 9, 20, 1, 51]
[0, 27, 30, 9, 3, 50, 26, 4, 51]
[0, 5, 30, 9, 3, 26, 13, 51]
[0, 27, 28, 12, 9, 3, 26, 4, 51]
[0, 27, 31, 30, 9, 3, 50, 1, 51]
[0, 28, 27, 31, 11, 49, 10, 51]
[0, 31, 30, 9, 3, 26, 13, 51]
[0, 31, 30, 9, 3, 50, 26, 1, 51]
[0, 33, 31, 30, 9, 3, 50, 26, 51]
[0, 28, 27, 30, 9, 3, 26, 4, 51]
[0, 5, 30, 9, 3, 26, 4, 25, 51]
[0, 27, 30, 9, 3, 50, 26, 13, 51]
[0, 28, 27, 31, 30, 9, 3, 1, 51]
[0, 31, 30, 9, 3, 26, 4, 25, 51]
[0, 33, 31, 9, 3, 50, 26, 13, 51]
[0, 27, 31, 11, 9, 3, 26, 4, 51]
[0, 27, 31, 30, 9, 3, 26, 1, 51]
[0, 28, 27, 31, 40, 3, 26, 13, 51]
[0, 27, 31, 11, 19, 3, 26, 4, 51]
[0, 27, 31, 9, 3, 50, 26, 4, 51]
[0, 27, 30, 9, 3, 50, 26, 4, 25, 51]
[0, 28, 27, 31, 30, 9, 3, 50, 51]
[0, 28, 27, 30, 9, 3, 50, 26, 1, 51]
[0, 27, 31, 30, 9, 20, 32, 1, 51]
[0, 27, 31, 30, 9, 3, 50, 26, 51]
[0, 5, 12, 9, 3, 50, 26, 4, 51]
[0, 33, 31, 30, 9, 3, 50, 13, 51]
[0, 33, 31, 30, 9, 3, 26, 4, 51]
[0, 27, 31, 9, 3, 50, 26, 13, 51]
[0, 27, 31, 30, 9, 3, 50, 4, 51]
[0, 5, 30, 9, 3, 50, 26, 4, 51]
[0, 28, 27, 31, 30, 9, 3, 26, 51]
[0, 31, 30, 9, 3, 50, 26, 4, 51]
[0, 5, 12, 9, 3, 50, 26, 13, 51]
[0, 28, 27, 31, 30, 9, 3, 35, 1, 51]
[0, 27, 31, 9, 3, 50, 26, 4, 25, 51]
[0, 33, 31, 30, 9, 3, 26, 13, 51]
[0, 28, 27, 31, 30, 9, 3, 4, 51]
[0, 5, 30, 9, 3, 50, 26, 13, 51]
[0, 27, 31, 30, 9, 3, 26, 4, 51]
[0, 31, 30, 9, 3, 50, 26, 13, 51]
[0, 33, 31, 30, 9, 3, 26, 4, 25, 51]
[0, 28, 27, 30, 9, 3, 50, 26, 4, 51]
[0, 5, 30, 9, 3, 50, 26, 4, 25, 51]
[0, 28, 27, 31, 30, 9, 3, 13, 51]
[0, 28, 27, 31, 30, 9, 3, 50, 1, 51]
[0, 31, 30, 9, 3, 50, 26, 4, 25, 51]
[0, 27, 31, 30, 9, 3, 26, 13, 51]
[0, 27, 31, 30, 9, 3, 50, 26, 1, 51]
[0, 28, 27, 31, 11, 19, 49, 10, 51]
[0, 28, 27, 31, 19, 7, 3, 26, 13, 51]
[0, 28, 27, 31, 7, 18, 8, 10, 32, 1, 51]
[0, 33, 31, 30, 9, 3, 50, 32, 1, 51]
[0, 28, 27, 31, 30, 9, 3, 4, 25, 51]
[0, 28, 27, 30, 9, 3, 50, 26, 13, 51]
[0, 27, 31, 30, 9, 3, 26, 4, 25, 51]
[0, 28, 27, 31, 30, 9, 26, 13, 51]
[0, 28, 27, 31, 30, 9, 3, 26, 1, 51]
[0, 28, 27, 31, 11, 3, 50, 26, 13, 51]
[0, 33, 31, 30, 9, 3, 50, 26, 4, 51]
[0, 28, 27, 31, 30, 9, 20, 32, 1, 51]
[0, 28, 27, 31, 30, 9, 3, 50, 26, 51]
[0, 27, 31, 30, 9, 3, 50, 32, 1, 51]
[0, 27, 31, 11, 19, 7, 49, 32, 1, 51]
[0, 27, 31, 11, 7, 18, 20, 32, 48, 51]
[0, 33, 31, 30, 9, 3, 50, 26, 13, 51]
[0, 28, 27, 31, 30, 9, 3, 50, 4, 51]
[0, 27, 31, 30, 9, 3, 50, 26, 4, 51]
[0, 28, 27, 31, 30, 49, 32, 1, 51]
[0, 27, 31, 30, 49, 10, 32, 1, 51]
[0, 33, 31, 30, 9, 20, 32, 48, 51]
[0, 33, 31, 30, 9, 3, 50, 26, 4, 25, 51]
[0, 28, 27, 31, 11, 19, 49, 10, 1, 51]
[0, 28, 27, 31, 7, 18, 20, 32, 48, 51]
[0, 28, 27, 31, 30, 9, 3, 50, 13, 51]
[0, 28, 27, 31, 30, 9, 3, 26, 4, 51]
[0, 27, 31, 30, 9, 3, 50, 26, 13, 51]
[0, 28, 27, 31, 19, 7, 49, 48, 51]
[0, 27, 31, 11, 7, 18, 10, 32, 48, 51]
[0, 28, 27, 31, 30, 9, 3, 50, 4, 25, 51]
[0, 28, 27, 31, 30, 9, 10, 48, 51]
[0, 27, 31, 30, 9, 20, 32, 48, 51]
[0, 27, 31, 30, 9, 3, 50, 26, 4, 25, 51]
[0, 28, 27, 31, 30, 9, 3, 26, 13, 51]
[0, 28, 27, 31, 30, 9, 3, 50, 26, 1, 51]
[0, 28, 27, 31, 11, 49, 10, 32, 1, 51]
[0, 33, 31, 30, 9, 10, 32, 48, 51]
[0, 28, 27, 31, 11, 19, 49, 32, 1, 51]
[0, 27, 31, 11, 19, 49, 10, 32, 1, 51]
[0, 28, 27, 31, 7, 18, 10, 32, 48, 51]
[0, 28, 27, 31, 30, 9, 3, 26, 4, 25, 51]
[0, 27, 31, 11, 19, 7, 10, 32, 48, 51]
[0, 28, 27, 31, 11, 49, 10, 48, 51]
[0, 31, 30, 49, 10, 32, 48, 51]
[0, 27, 31, 11, 19, 49, 10, 48, 51]
[0, 28, 27, 31, 7, 18, 6, 10, 32, 48, 51]
[0, 28, 27, 31, 19, 49, 10, 32, 1, 51]
[0, 28, 27, 31, 30, 9, 3, 50, 32, 1, 51]
[0, 27, 31, 11, 7, 18, 8, 10, 32, 48, 51]
[0, 28, 27, 31, 11, 19, 49, 10, 32, 51]
[0, 28, 27, 31, 11, 19, 49, 10, 13, 51]
[0, 28, 27, 31, 30, 9, 3, 50, 26, 4, 51]
[0, 28, 27, 31, 30, 49, 10, 32, 1, 51]
[0, 28, 27, 31, 7, 18, 8, 10, 32, 48, 51]
[0, 27, 31, 11, 19, 7, 8, 10, 32, 48, 51]
[0, 28, 27, 31, 30, 9, 3, 50, 26, 13, 51]
[0, 28, 27, 31, 11, 19, 10, 32, 48, 51]
[0, 28, 27, 31, 30, 9, 20, 32, 48, 51]
[0, 28, 27, 31, 30, 9, 3, 50, 26, 4, 25, 51]
[0, 28, 27, 31, 19, 7, 8, 10, 32, 48, 51]
[0, 28, 27, 31, 11, 19, 49, 10, 32, 1, 51]
[0, 28, 27, 31, 30, 49, 32, 48, 51]
[0, 27, 31, 30, 49, 10, 32, 48, 51]
[0, 28, 27, 31, 11, 19, 49, 10, 48, 51]
[0, 28, 27, 31, 30, 9, 10, 32, 48, 51]
[0, 28, 27, 31, 11, 19, 8, 10, 32, 48, 51]
[0, 28, 27, 31, 11, 49, 10, 32, 48, 51]
[0, 27, 31, 11, 19, 49, 10, 32, 48, 51]
[0, 28, 27, 31, 19, 49, 10, 32, 48, 51]
[0, 28, 27, 31, 30, 49, 10, 32, 48, 51]
[0, 28, 27, 31, 11, 19, 49, 10, 32, 48, 51]
[0, 46, 51]
[0, 42, 51]
[0, 36, 51]
[0, 36, 46, 51]
[0, 43, 51]
[0, 42, 6, 51]
[0, 42, 24, 51]
[0, 36, 46, 17, 51]
[0, 29, 51]
[0, 36, 7, 51]
[0, 42, 41, 51]
[0, 29, 46, 51]
[0, 33, 51]
[0, 21, 51]
[0, 29, 17, 51]
[0, 40, 6, 51]
[0, 29, 6, 51]
[0, 29, 24, 51]
[0, 42, 15, 51]
[0, 18, 46, 51]
[0, 42, 37, 51]
[0, 42, 41, 24, 51]
[0, 43, 25, 51]
[0, 42, 40, 51]
[0, 29, 41, 51]
[0, 36, 8, 46, 51]
[0, 29, 6, 24, 51]
[0, 29, 25, 51]
[0, 45, 51]
[0, 42, 21, 51]
[0, 29, 43, 51]
[0, 15, 40, 51]
[0, 42, 40, 6, 51]
[0, 26, 51]
[0, 45, 46, 51]
[0, 29, 37, 51]
[0, 29, 41, 24, 51]
[0, 29, 35, 51]
[0, 44, 51]
[0, 29, 40, 51]
[0, 29, 24, 25, 51]
[0, 12, 51]
[0, 42, 21, 6, 51]
[0, 29, 6, 43, 51]
[0, 33, 29, 51]
[0, 29, 41, 25, 51]
[0, 42, 2, 40, 51]
[0, 45, 7, 51]
[0, 29, 40, 6, 51]
[0, 33, 29, 46, 51]
[0, 33, 21, 51]
[0, 29, 3, 51]
[0, 29, 41, 37, 51]
[0, 29, 43, 25, 51]
[0, 42, 2, 21, 51]
[0, 42, 44, 51]
[0, 21, 18, 51]
[0, 21, 40, 6, 51]
[0, 33, 29, 6, 51]
[0, 33, 29, 24, 51]
[0, 29, 41, 24, 25, 51]
[0, 42, 12, 51]
[0, 21, 18, 46, 51]
[0, 21, 41, 37, 51]
[0, 42, 40, 6, 43, 51]
[0, 29, 41, 1, 51]
[0, 29, 40, 6, 24, 51]
[0, 29, 40, 25, 51]
[0, 28, 29, 51]
[0, 33, 29, 41, 51]
[0, 29, 40, 43, 51]
[0, 29, 6, 43, 25, 51]
[0, 42, 44, 6, 51]
[0, 21, 18, 6, 51]
[0, 29, 26, 51]
[0, 33, 29, 25, 51]
[0, 28, 21, 51]
[0, 47, 51]
[0, 33, 29, 43, 51]
[0, 29, 40, 24, 25, 51]
[0, 12, 40, 51]
[0, 42, 21, 40, 6, 51]
[0, 28, 29, 6, 51]
[0, 47, 46, 51]
[0, 33, 29, 35, 51]
[0, 33, 29, 40, 51]
[0, 33, 29, 24, 25, 51]
[0, 33, 12, 51]
[0, 47, 6, 51]
[0, 33, 29, 6, 43, 51]
[0, 29, 40, 6, 24, 25, 51]
[0, 39, 51]
[0, 33, 21, 40, 51]
[0, 29, 40, 3, 51]
[0, 29, 40, 50, 51]
[0, 29, 41, 26, 51]
[0, 33, 29, 46, 1, 51]
[0, 33, 29, 41, 25, 51]
[0, 29, 40, 43, 25, 51]
[0, 36, 47, 51]
[0, 33, 29, 40, 6, 51]
[0, 33, 29, 41, 43, 51]
[0, 33, 29, 6, 24, 25, 51]
[0, 42, 12, 40, 51]
[0, 33, 29, 3, 51]
[0, 36, 47, 46, 51]
[0, 33, 29, 43, 25, 51]
[0, 42, 14, 40, 51]
[0, 45, 44, 51]
[0, 28, 29, 40, 51]
[0, 33, 29, 34, 51]
[0, 33, 29, 41, 43, 17, 51]
[0, 33, 29, 41, 24, 25, 51]
[0, 28, 12, 51]
[0, 36, 47, 6, 51]
[0, 29, 40, 26, 51]
[0, 36, 47, 46, 17, 51]
[0, 33, 29, 40, 25, 51]
[0, 28, 21, 40, 51]
[0, 47, 8, 51]
[0, 33, 29, 10, 51]
[0, 33, 29, 40, 43, 51]
[0, 33, 29, 6, 43, 25, 51]
[0, 5, 21, 51]
[0, 36, 47, 7, 51]
[0, 33, 29, 26, 51]
[0, 29, 41, 26, 25, 51]
[0, 23, 40, 51]
[0, 45, 19, 7, 51]
[0, 45, 16, 6, 51]
[0, 33, 29, 22, 51]
[0, 42, 12, 40, 41, 51]
[0, 28, 29, 3, 51]
[0, 29, 40, 6, 26, 51]
[0, 36, 47, 7, 46, 51]
[0, 33, 29, 40, 43, 17, 51]
[0, 33, 29, 40, 24, 25, 51]
[0, 33, 12, 40, 51]
[0, 47, 11, 51]
[0, 47, 18, 51]
[0, 36, 47, 43, 51]
[0, 33, 29, 40, 6, 43, 51]
[0, 33, 29, 41, 37, 25, 51]
[0, 39, 40, 51]
[0, 36, 47, 7, 6, 51]
[0, 33, 29, 6, 26, 51]
[0, 33, 29, 40, 6, 37, 51]
[0, 33, 29, 26, 24, 51]
[0, 33, 29, 34, 25, 51]
[0, 27, 28, 40, 51]
[0, 27, 28, 29, 51]
[0, 36, 47, 8, 51]
[0, 28, 29, 40, 43, 51]
[0, 29, 40, 6, 26, 24, 51]
[0, 33, 29, 40, 6, 24, 25, 51]
[0, 39, 21, 51]
[0, 47, 18, 6, 51]
[0, 33, 29, 40, 3, 51]
[0, 33, 29, 40, 50, 51]
[0, 33, 29, 41, 26, 51]
[0, 33, 29, 40, 43, 25, 51]
[0, 27, 28, 21, 51]
[0, 45, 47, 51]
[0, 36, 47, 46, 1, 51]
[0, 33, 29, 34, 24, 25, 51]
[0, 28, 12, 40, 51]
[0, 36, 47, 11, 51]
[0, 36, 47, 18, 51]
[0, 47, 26, 51]
[0, 45, 47, 46, 51]
[0, 29, 40, 26, 24, 25, 51]
[0, 45, 11, 19, 51]
[0, 39, 21, 6, 51]
[0, 36, 47, 3, 51]
[0, 36, 47, 50, 51]
[0, 28, 29, 6, 26, 51]
[0, 36, 47, 11, 46, 51]
[0, 33, 29, 41, 26, 24, 51]
[0, 36, 47, 43, 25, 51]
[0, 33, 29, 40, 6, 43, 25, 51]
[0, 5, 21, 40, 51]
[0, 45, 47, 6, 51]
[0, 33, 29, 40, 26, 51]
[0, 33, 29, 26, 24, 25, 51]
[0, 33, 31, 40, 51]
[0, 36, 47, 18, 6, 51]
[0, 47, 6, 26, 51]
[0, 36, 47, 7, 8, 46, 51]
[0, 29, 40, 6, 26, 24, 25, 51]
[0, 45, 47, 7, 51]
[0, 36, 47, 10, 51]
[0, 36, 47, 8, 43, 51]
[0, 33, 29, 41, 26, 25, 51]
[0, 36, 47, 11, 7, 51]
[0, 36, 47, 7, 18, 51]
[0, 36, 47, 19, 51]
[0, 33, 29, 40, 6, 26, 51]
[0, 33, 29, 40, 26, 24, 51]
[0, 33, 29, 6, 26, 24, 25, 51]
[0, 39, 12, 51]
[0, 36, 47, 7, 3, 51]
[0, 36, 47, 7, 50, 51]
[0, 33, 29, 3, 26, 51]
[0, 36, 47, 19, 46, 51]
[0, 45, 47, 43, 51]
[0, 36, 47, 8, 24, 25, 51]
[0, 36, 47, 7, 43, 25, 51]
[0, 27, 28, 12, 51]
[0, 39, 21, 40, 51]
[0, 47, 11, 18, 51]
[0, 45, 47, 7, 6, 51]
[0, 28, 29, 40, 26, 51]
[0, 45, 47, 37, 51]
[0, 45, 47, 35, 51]
[0, 45, 47, 7, 46, 17, 51]
[0, 33, 29, 41, 26, 24, 25, 51]
[0, 27, 28, 21, 40, 51]
[0, 36, 47, 7, 18, 6, 51]
[0, 36, 47, 19, 6, 51]
[0, 45, 47, 8, 51]
[0, 36, 47, 6, 26, 51]
[0, 33, 29, 40, 6, 26, 24, 51]
[0, 33, 29, 40, 26, 25, 51]
[0, 5, 2, 21, 40, 51]
[0, 45, 44, 16, 51]
[0, 39, 12, 6, 51]
[0, 36, 47, 11, 8, 51]
[0, 36, 47, 18, 8, 51]
[0, 47, 8, 26, 51]
[0, 36, 47, 7, 10, 51]
[0, 45, 47, 8, 46, 51]
[0, 47, 26, 24, 25, 51]
[0, 5, 12, 40, 51]
[0, 36, 47, 19, 7, 51]
[0, 36, 47, 7, 26, 51]
[0, 45, 47, 46, 1, 51]
[0, 33, 29, 40, 4, 25, 51]
[0, 45, 47, 11, 51]
[0, 45, 47, 18, 51]
[0, 36, 47, 19, 7, 46, 51]
[0, 45, 47, 7, 43, 51]
[0, 33, 29, 41, 43, 13, 51]
[0, 33, 29, 40, 26, 24, 25, 51]
[0, 36, 47, 11, 18, 51]
[0, 47, 18, 26, 51]
[0, 45, 47, 11, 46, 51]
[0, 33, 29, 40, 26, 1, 51]
[0, 47, 6, 26, 24, 25, 51]
[0, 45, 47, 43, 25, 51]
[0, 5, 12, 40, 6, 51]
[0, 39, 21, 18, 6, 51]
[0, 36, 47, 19, 7, 6, 51]
[0, 45, 47, 7, 8, 51]
[0, 36, 47, 7, 6, 26, 51]
[0, 36, 47, 7, 26, 24, 51]
[0, 45, 47, 7, 24, 25, 51]
[0, 36, 47, 18, 43, 25, 51]
[0, 45, 47, 18, 6, 51]
[0, 36, 47, 8, 26, 51]
[0, 45, 47, 7, 8, 46, 51]
[0, 33, 29, 40, 6, 26, 24, 25, 51]
[0, 39, 12, 40, 51]
[0, 36, 47, 11, 18, 6, 51]
[0, 47, 18, 6, 26, 51]
[0, 33, 29, 40, 3, 26, 51]
[0, 45, 47, 10, 51]
[0, 33, 29, 40, 43, 13, 51]
[0, 33, 29, 3, 26, 24, 25, 51]
[0, 45, 47, 6, 43, 25, 51]
[0, 27, 28, 12, 40, 51]
[0, 45, 47, 11, 7, 51]
[0, 45, 47, 7, 18, 51]
[0, 45, 47, 19, 51]
[0, 45, 47, 26, 51]
[0, 28, 29, 40, 26, 24, 25, 51]
[0, 36, 47, 11, 19, 51]
[0, 36, 47, 18, 26, 51]
[0, 45, 47, 19, 46, 51]
[0, 36, 47, 6, 26, 24, 25, 51]
[0, 39, 12, 40, 6, 51]
[0, 36, 47, 11, 7, 3, 51]
[0, 36, 47, 19, 50, 51]
[0, 36, 47, 3, 26, 51]
[0, 36, 47, 7, 8, 10, 51]
[0, 36, 47, 11, 19, 46, 51]
[0, 45, 47, 18, 43, 51]
[0, 33, 29, 40, 6, 43, 13, 51]
[0, 33, 29, 26, 4, 25, 51]
[0, 36, 47, 19, 43, 25, 51]
[0, 27, 28, 12, 18, 51]
[0, 27, 28, 12, 40, 6, 51]
[0, 45, 47, 7, 18, 6, 51]
[0, 45, 47, 19, 6, 51]
[0, 45, 47, 6, 26, 51]
[0, 45, 47, 26, 24, 51]
[0, 36, 47, 7, 26, 24, 25, 51]
[0, 36, 47, 11, 7, 18, 6, 51]
[0, 36, 47, 11, 19, 6, 51]
[0, 45, 47, 11, 8, 51]
[0, 45, 47, 18, 8, 51]
[0, 36, 47, 18, 6, 26, 51]
[0, 45, 47, 7, 10, 51]
[0, 45, 47, 7, 8, 43, 51]
[0, 36, 47, 18, 26, 24, 51]
[0, 36, 47, 8, 26, 25, 51]
[0, 45, 47, 7, 6, 43, 25, 51]
[0, 45, 47, 19, 7, 51]
[0, 45, 47, 7, 26, 51]
[0, 33, 29, 40, 26, 4, 51]
[0, 33, 29, 40, 50, 26, 25, 51]
[0, 45, 47, 10, 25, 51]
[0, 36, 47, 11, 19, 7, 51]
[0, 36, 47, 19, 26, 51]
[0, 45, 47, 19, 7, 46, 51]
[0, 45, 47, 6, 26, 24, 51]
[0, 45, 47, 26, 25, 51]
[0, 45, 47, 11, 18, 51]
[0, 36, 47, 11, 19, 7, 46, 51]
[0, 45, 47, 7, 18, 43, 51]
[0, 45, 47, 19, 43, 51]
[0, 45, 47, 46, 13, 51]
[0, 36, 47, 8, 26, 24, 25, 51]
[0, 45, 47, 19, 7, 6, 51]
[0, 45, 47, 7, 6, 26, 51]
[0, 45, 47, 7, 26, 24, 51]
[0, 33, 29, 40, 3, 26, 24, 25, 51]
[0, 45, 47, 18, 43, 25, 51]
[0, 39, 23, 40, 51]
[0, 36, 47, 11, 19, 7, 6, 51]
[0, 45, 47, 19, 8, 51]
[0, 45, 47, 8, 26, 51]
[0, 33, 29, 40, 26, 13, 51]
[0, 45, 47, 26, 24, 25, 51]
[0, 45, 47, 11, 18, 6, 51]
[0, 36, 47, 11, 8, 26, 51]
[0, 36, 47, 18, 8, 26, 51]
[0, 45, 47, 19, 8, 46, 51]
[0, 36, 47, 18, 26, 24, 25, 51]
[0, 45, 47, 11, 9, 51]
[0, 36, 47, 19, 7, 26, 51]
[0, 45, 47, 11, 10, 51]
[0, 45, 47, 19, 46, 1, 51]
[0, 33, 29, 40, 26, 4, 25, 51]
[0, 45, 47, 11, 19, 51]
[0, 45, 47, 18, 26, 51]
[0, 45, 47, 8, 26, 24, 51]
[0, 45, 47, 6, 26, 24, 25, 51]
[0, 28, 27, 31, 40, 41, 51]
[0, 27, 28, 12, 40, 3, 51]
[0, 45, 47, 11, 7, 3, 51]
[0, 45, 47, 19, 50, 51]
[0, 36, 47, 11, 18, 26, 51]
[0, 45, 47, 11, 19, 46, 51]
[0, 36, 47, 18, 6, 26, 24, 25, 51]
[0, 45, 47, 19, 43, 25, 51]
[0, 45, 47, 19, 7, 8, 51]
[0, 45, 47, 7, 8, 26, 51]
[0, 45, 47, 7, 26, 24, 25, 51]
[0, 45, 47, 11, 7, 18, 6, 51]
[0, 45, 47, 11, 19, 6, 51]
[0, 45, 47, 18, 6, 26, 51]
[0, 45, 47, 18, 26, 24, 51]
[0, 36, 47, 19, 26, 24, 25, 51]
[0, 45, 47, 11, 18, 8, 51]
[0, 36, 47, 11, 18, 6, 26, 51]
[0, 45, 47, 19, 10, 51]
[0, 45, 47, 8, 46, 13, 51]
[0, 36, 47, 18, 8, 26, 25, 51]
[0, 45, 47, 7, 18, 6, 43, 25, 51]
[0, 45, 47, 19, 6, 43, 25, 51]
[0, 45, 47, 11, 19, 7, 51]
[0, 45, 47, 19, 26, 51]
[0, 45, 47, 7, 6, 26, 24, 25, 51]
[0, 45, 47, 19, 7, 50, 51]
[0, 36, 47, 11, 19, 26, 51]
[0, 45, 47, 11, 19, 7, 46, 51]
[0, 45, 47, 18, 6, 26, 24, 51]
[0, 45, 47, 8, 26, 24, 25, 51]
[0, 36, 47, 11, 19, 7, 50, 51]
[0, 36, 47, 11, 7, 3, 26, 51]
[0, 36, 47, 19, 3, 26, 51]
[0, 36, 47, 19, 7, 8, 10, 51]
[0, 45, 47, 7, 18, 6, 10, 51]
[0, 45, 47, 11, 7, 18, 43, 51]
[0, 45, 47, 11, 19, 43, 51]
[0, 45, 47, 11, 46, 13, 51]
[0, 36, 47, 18, 8, 26, 24, 25, 51]
[0, 45, 47, 11, 19, 7, 6, 51]
[0, 45, 47, 19, 6, 26, 51]
[0, 45, 47, 19, 26, 24, 51]
[0, 36, 47, 19, 7, 26, 24, 25, 51]
[0, 45, 47, 11, 19, 8, 51]
[0, 45, 47, 11, 8, 26, 51]
[0, 45, 47, 18, 8, 26, 51]
[0, 45, 47, 7, 6, 43, 13, 51]
[0, 45, 47, 18, 26, 24, 25, 51]
[0, 39, 23, 40, 3, 51]
[0, 39, 23, 40, 50, 51]
[0, 45, 47, 19, 7, 26, 51]
[0, 45, 47, 19, 34, 35, 51]
[0, 36, 47, 11, 18, 26, 24, 25, 51]
[0, 36, 47, 11, 19, 7, 26, 51]
[0, 45, 47, 26, 13, 51]
[0, 45, 47, 19, 6, 26, 24, 51]
[0, 45, 47, 19, 26, 25, 51]
[0, 45, 47, 11, 9, 3, 51]
[0, 45, 47, 11, 9, 50, 51]
[0, 45, 47, 11, 18, 26, 51]
[0, 45, 47, 19, 46, 13, 51]
[0, 45, 47, 18, 6, 26, 24, 25, 51]
[0, 45, 47, 11, 19, 50, 51]
[0, 45, 47, 19, 7, 6, 26, 51]
[0, 45, 47, 18, 43, 13, 51]
[0, 45, 47, 19, 7, 26, 24, 51]
[0, 45, 47, 26, 4, 25, 51]
[0, 45, 47, 11, 19, 7, 8, 51]
[0, 45, 47, 19, 8, 26, 51]
[0, 45, 47, 19, 26, 24, 25, 51]
[0, 45, 47, 11, 18, 6, 26, 51]
[0, 45, 47, 19, 26, 1, 51]
[0, 45, 47, 11, 18, 26, 24, 51]
[0, 36, 47, 11, 19, 26, 24, 25, 51]
[0, 28, 27, 31, 40, 6, 26, 51]
[0, 45, 47, 11, 9, 26, 51]
[0, 45, 47, 11, 7, 18, 6, 50, 51]
[0, 45, 47, 11, 19, 10, 51]
[0, 45, 47, 18, 6, 43, 13, 51]
[0, 45, 47, 19, 7, 6, 26, 24, 51]
[0, 45, 47, 19, 7, 26, 25, 51]
[0, 45, 47, 11, 19, 26, 51]
[0, 45, 47, 19, 8, 26, 24, 51]
[0, 45, 47, 19, 6, 26, 24, 25, 51]
[0, 45, 47, 11, 19, 7, 50, 51]
[0, 45, 47, 11, 7, 3, 26, 51]
[0, 45, 47, 19, 3, 26, 51]
[0, 45, 47, 19, 7, 8, 10, 51]
[0, 45, 47, 19, 43, 13, 51]
[0, 45, 47, 18, 8, 26, 24, 25, 51]
[0, 39, 21, 40, 22, 41, 26, 51]
[0, 45, 47, 19, 7, 8, 26, 51]
[0, 45, 47, 19, 7, 26, 24, 25, 51]
[0, 45, 47, 11, 19, 6, 26, 51]
[0, 45, 47, 11, 19, 26, 24, 51]
[0, 45, 47, 19, 8, 26, 25, 51]
[0, 45, 47, 11, 19, 7, 10, 51]
[0, 45, 47, 11, 18, 8, 26, 51]
[0, 45, 47, 19, 8, 46, 13, 51]
[0, 45, 47, 11, 18, 26, 24, 25, 51]
[0, 45, 47, 11, 19, 7, 26, 51]
[0, 45, 47, 11, 10, 32, 51]
[0, 45, 47, 19, 7, 8, 26, 24, 51]
[0, 45, 47, 19, 7, 6, 26, 24, 25, 51]
[0, 42, 14, 44, 16, 38, 26, 51]
[0, 45, 47, 19, 7, 3, 26, 51]
[0, 45, 47, 19, 7, 50, 26, 51]
[0, 36, 47, 19, 49, 10, 51]
[0, 45, 47, 18, 26, 13, 51]
[0, 45, 47, 11, 19, 6, 26, 24, 51]
[0, 45, 47, 19, 8, 26, 24, 25, 51]
[0, 5, 44, 16, 38, 26, 51]
[0, 36, 47, 11, 19, 7, 3, 26, 51]
[0, 36, 47, 11, 19, 7, 50, 26, 51]
[0, 45, 47, 11, 19, 46, 13, 51]
[0, 45, 47, 11, 18, 6, 26, 24, 25, 51]
[0, 45, 47, 11, 19, 7, 6, 26, 51]
[0, 45, 47, 11, 19, 7, 26, 24, 51]
[0, 45, 47, 19, 46, 48, 51]
[0, 45, 47, 18, 26, 4, 25, 51]
[0, 45, 47, 11, 19, 8, 26, 51]
[0, 45, 47, 18, 6, 26, 13, 51]
[0, 45, 47, 11, 19, 26, 24, 25, 51]
[0, 39, 23, 40, 3, 26, 51]
[0, 39, 23, 40, 50, 26, 51]
[0, 45, 47, 19, 10, 13, 51]
[0, 45, 47, 19, 8, 43, 13, 51]
[0, 45, 47, 19, 10, 32, 51]
[0, 45, 47, 7, 8, 26, 4, 25, 51]
[0, 45, 47, 19, 3, 26, 24, 25, 51]
[0, 45, 47, 19, 50, 26, 24, 25, 51]
[0, 45, 47, 19, 26, 13, 51]
[0, 45, 47, 19, 7, 8, 26, 24, 25, 51]
[0, 45, 47, 11, 9, 3, 26, 51]
[0, 45, 47, 11, 9, 50, 26, 51]
[0, 45, 47, 11, 49, 10, 51]
[0, 45, 47, 11, 19, 7, 46, 13, 51]
[0, 45, 47, 11, 19, 8, 26, 24, 51]
[0, 45, 47, 11, 19, 6, 26, 24, 25, 51]
[0, 45, 47, 11, 19, 3, 26, 51]
[0, 45, 47, 11, 19, 7, 8, 10, 51]
[0, 45, 47, 11, 19, 43, 13, 51]
[0, 45, 47, 19, 7, 46, 48, 51]
[0, 45, 47, 19, 26, 4, 25, 51]
[0, 45, 47, 11, 19, 7, 8, 26, 51]
[0, 45, 47, 19, 6, 26, 13, 51]
[0, 45, 47, 11, 19, 7, 26, 24, 25, 51]
[0, 45, 47, 18, 8, 26, 13, 51]
[0, 45, 47, 19, 7, 10, 32, 51]
[0, 45, 47, 11, 10, 32, 1, 51]
[0, 45, 47, 11, 19, 8, 26, 25, 51]
[0, 45, 47, 11, 19, 8, 46, 13, 51]
[0, 45, 47, 19, 6, 26, 4, 25, 51]
[0, 45, 47, 19, 49, 10, 51]
[0, 45, 47, 11, 19, 7, 8, 26, 24, 51]
[0, 45, 47, 19, 8, 46, 48, 51]
[0, 45, 47, 11, 19, 7, 6, 26, 24, 25, 51]
[0, 45, 47, 11, 19, 7, 3, 26, 51]
[0, 45, 47, 11, 19, 7, 50, 26, 51]
[0, 36, 47, 11, 19, 49, 10, 51]
[0, 45, 47, 11, 18, 26, 13, 51]
[0, 45, 47, 11, 19, 8, 26, 24, 25, 51]
[0, 45, 47, 19, 7, 6, 26, 13, 51]
[0, 36, 47, 11, 19, 7, 26, 4, 25, 51]
[0, 45, 47, 19, 8, 26, 13, 51]
[0, 45, 47, 19, 10, 32, 1, 51]
[0, 45, 47, 11, 19, 46, 48, 51]
[0, 45, 47, 11, 18, 26, 4, 25, 51]
[0, 45, 47, 11, 19, 7, 8, 46, 13, 51]
[0, 45, 47, 19, 7, 6, 26, 4, 25, 51]
[0, 45, 47, 11, 19, 10, 13, 51]
[0, 45, 47, 11, 19, 8, 43, 13, 51]
[0, 45, 47, 11, 19, 10, 32, 51]
[0, 45, 47, 19, 8, 26, 4, 25, 51]
[0, 45, 47, 11, 19, 26, 13, 51]
[0, 45, 47, 11, 19, 7, 8, 26, 24, 25, 51]
[0, 33, 31, 11, 19, 49, 10, 51]
[0, 45, 47, 19, 50, 26, 13, 51]
[0, 45, 47, 11, 19, 7, 26, 4, 51]
[0, 45, 47, 19, 7, 8, 10, 32, 51]
[0, 45, 47, 11, 18, 8, 46, 48, 51]
[0, 45, 47, 19, 26, 48, 51]
[0, 45, 47, 11, 19, 7, 50, 26, 25, 51]
[0, 45, 47, 19, 7, 8, 26, 13, 51]
[0, 45, 47, 19, 7, 10, 32, 1, 51]
[0, 45, 47, 11, 19, 7, 46, 48, 51]
[0, 45, 47, 11, 19, 26, 4, 25, 51]
[0, 45, 47, 11, 19, 6, 26, 13, 51]
[0, 45, 47, 19, 50, 26, 4, 25, 51]
[0, 45, 47, 11, 18, 8, 26, 13, 51]
[0, 45, 47, 11, 19, 7, 10, 32, 51]
[0, 45, 47, 19, 7, 8, 26, 4, 25, 51]
[0, 45, 47, 11, 19, 7, 26, 13, 51]
[0, 45, 47, 11, 19, 6, 26, 4, 25, 51]
[0, 45, 47, 11, 19, 49, 10, 51]
[0, 45, 47, 19, 8, 10, 32, 1, 51]
[0, 45, 47, 11, 19, 8, 46, 48, 51]
[0, 45, 47, 11, 18, 8, 26, 4, 25, 51]
[0, 36, 47, 11, 19, 7, 50, 26, 13, 51]
[0, 36, 47, 11, 19, 7, 49, 32, 51]
[0, 36, 47, 11, 19, 8, 10, 32, 1, 51]
[0, 45, 47, 11, 18, 6, 10, 32, 1, 51]
[0, 45, 47, 19, 32, 48, 51]
[0, 45, 47, 11, 19, 7, 26, 4, 25, 51]
[0, 45, 47, 11, 19, 7, 6, 26, 13, 51]
[0, 45, 47, 19, 7, 50, 26, 4, 25, 51]
[0, 45, 47, 11, 19, 8, 26, 13, 51]
[0, 45, 47, 11, 19, 10, 32, 1, 51]
[0, 39, 23, 40, 50, 26, 13, 51]
[0, 45, 47, 11, 19, 7, 8, 26, 4, 51]
[0, 45, 47, 49, 10, 32, 1, 51]
[0, 45, 47, 11, 19, 7, 6, 26, 4, 25, 51]
[0, 33, 31, 11, 19, 49, 10, 1, 51]
[0, 45, 47, 19, 7, 8, 10, 32, 1, 51]
[0, 45, 47, 11, 19, 7, 8, 46, 48, 51]
[0, 45, 47, 11, 19, 8, 26, 4, 25, 51]
[0, 45, 47, 11, 9, 50, 26, 13, 51]
[0, 45, 47, 11, 49, 10, 32, 51]
[0, 45, 47, 11, 19, 50, 26, 13, 51]
[0, 45, 47, 11, 19, 7, 8, 10, 32, 51]
[0, 45, 47, 49, 10, 48, 51]
[0, 45, 47, 11, 19, 26, 48, 51]
[0, 45, 47, 11, 19, 7, 8, 26, 13, 51]
[0, 45, 47, 11, 19, 7, 10, 32, 1, 51]
[0, 45, 47, 7, 49, 10, 32, 1, 51]
[0, 45, 47, 8, 10, 32, 48, 51]
[0, 45, 47, 11, 19, 50, 26, 4, 25, 51]
[0, 28, 27, 31, 11, 19, 26, 13, 51]
[0, 45, 47, 11, 19, 49, 10, 1, 51]
[0, 45, 47, 11, 19, 6, 26, 48, 51]
[0, 45, 47, 11, 19, 7, 8, 26, 4, 25, 51]
[0, 45, 47, 19, 49, 10, 32, 51]
[0, 45, 47, 11, 19, 7, 50, 26, 13, 51]
[0, 45, 47, 11, 19, 7, 49, 32, 51]
[0, 45, 47, 11, 19, 8, 10, 32, 1, 51]
[0, 45, 47, 11, 10, 32, 48, 51]
[0, 36, 47, 19, 49, 10, 48, 51]
[0, 45, 47, 11, 19, 32, 48, 51]
[0, 36, 47, 11, 19, 7, 49, 48, 51]
[0, 45, 47, 7, 8, 10, 32, 48, 51]
[0, 45, 47, 11, 19, 7, 50, 26, 4, 25, 51]
[0, 45, 47, 11, 19, 8, 10, 48, 51]
[0, 45, 47, 18, 6, 10, 32, 48, 51]
[0, 45, 47, 11, 49, 10, 32, 1, 51]
[0, 45, 47, 11, 19, 7, 8, 10, 32, 1, 51]
[0, 45, 47, 19, 10, 32, 48, 51]
[0, 33, 31, 11, 19, 49, 10, 32, 51]
[0, 36, 47, 11, 19, 10, 32, 48, 51]
[0, 45, 47, 11, 49, 10, 48, 51]
[0, 45, 47, 11, 19, 49, 48, 51]
[0, 45, 47, 7, 18, 6, 10, 32, 48, 51]
[0, 45, 47, 19, 49, 10, 32, 1, 51]
[0, 45, 47, 11, 19, 7, 49, 32, 1, 51]
[0, 36, 47, 11, 19, 49, 10, 32, 1, 51]
[0, 45, 47, 19, 7, 10, 32, 48, 51]
[0, 45, 47, 11, 19, 49, 10, 32, 51]
[0, 45, 47, 19, 49, 10, 48, 51]
[0, 36, 47, 11, 19, 49, 10, 48, 51]
[0, 45, 47, 19, 8, 10, 32, 48, 51]
[0, 36, 47, 11, 19, 8, 10, 32, 48, 51]
[0, 45, 47, 11, 18, 6, 10, 32, 48, 51]
[0, 33, 31, 11, 19, 49, 10, 32, 1, 51]
[0, 45, 47, 11, 9, 10, 32, 48, 51]
[0, 45, 47, 11, 19, 10, 32, 48, 51]
[0, 45, 47, 49, 10, 32, 48, 51]
[0, 33, 31, 11, 19, 49, 10, 48, 51]
[0, 45, 47, 19, 7, 8, 10, 32, 48, 51]
[0, 36, 47, 11, 19, 7, 8, 10, 32, 48, 51]
[0, 45, 47, 11, 7, 18, 6, 10, 32, 48, 51]
[0, 45, 47, 11, 19, 49, 10, 32, 1, 51]
[0, 45, 47, 11, 19, 7, 10, 32, 48, 51]
[0, 45, 47, 7, 49, 10, 32, 48, 51]
[0, 45, 47, 11, 19, 49, 10, 48, 51]
[0, 36, 47, 11, 19, 7, 49, 32, 48, 51]
[0, 45, 47, 11, 19, 8, 10, 32, 48, 51]
[0, 45, 47, 11, 49, 10, 32, 48, 51]
[0, 45, 47, 11, 19, 7, 8, 10, 32, 48, 51]
[0, 45, 47, 19, 49, 10, 32, 48, 51]
[0, 45, 47, 11, 19, 7, 49, 32, 48, 51]
[0, 36, 47, 11, 19, 49, 10, 32, 48, 51]
[0, 33, 31, 11, 19, 49, 10, 32, 48, 51]
[0, 45, 47, 11, 19, 49, 10, 32, 48, 51]
[0, 42, 43, 51]
[0, 36, 8, 51]
[0, 42, 43, 17, 51]
[0, 15, 43, 51]
[0, 36, 8, 17, 51]
[0, 34, 24, 51]
[0, 36, 8, 46, 17, 51]
[0, 15, 43, 17, 51]
[0, 21, 43, 51]
[0, 36, 7, 8, 51]
[0, 21, 37, 51]
[0, 45, 46, 17, 51]
[0, 21, 40, 51]
[0, 42, 15, 43, 51]
[0, 18, 8, 51]
[0, 21, 6, 43, 51]
[0, 36, 8, 43, 51]
[0, 36, 7, 8, 17, 51]
[0, 18, 8, 46, 51]
[0, 36, 8, 37, 51]
[0, 2, 15, 43, 51]
[0, 34, 35, 51]
[0, 29, 34, 51]
[0, 21, 41, 43, 51]
[0, 45, 37, 51]
[0, 34, 1, 51]
[0, 18, 8, 46, 17, 51]
[0, 2, 15, 43, 17, 51]
[0, 45, 8, 51]
[0, 44, 43, 51]
[0, 21, 41, 43, 17, 51]
[0, 36, 18, 8, 51]
[0, 7, 18, 8, 51]
[0, 45, 8, 46, 51]
[0, 29, 34, 24, 51]
[0, 2, 21, 40, 51]
[0, 7, 18, 8, 46, 51]
[0, 36, 7, 8, 37, 51]
[0, 42, 2, 15, 43, 51]
[0, 7, 34, 35, 51]
[0, 45, 8, 17, 51]
[0, 45, 18, 51]
[0, 21, 26, 51]
[0, 42, 38, 43, 51]
[0, 18, 8, 43, 51]
[0, 21, 34, 24, 51]
[0, 45, 8, 46, 17, 51]
[0, 18, 8, 37, 51]
[0, 2, 34, 35, 51]
[0, 7, 18, 8, 46, 17, 51]
[0, 42, 2, 15, 43, 17, 51]
[0, 45, 7, 8, 51]
[0, 42, 44, 43, 51]
[0, 45, 18, 6, 51]
[0, 36, 7, 18, 8, 51]
[0, 42, 44, 37, 51]
[0, 15, 38, 43, 51]
[0, 29, 34, 35, 51]
[0, 21, 18, 8, 51]
[0, 12, 50, 51]
[0, 36, 7, 18, 8, 46, 51]
[0, 21, 40, 41, 43, 51]
[0, 45, 8, 43, 51]
[0, 36, 7, 34, 35, 51]
[0, 34, 35, 1, 51]
[0, 45, 7, 18, 51]
[0, 12, 34, 51]
[0, 45, 8, 37, 51]
[0, 21, 34, 35, 51]
[0, 36, 11, 7, 18, 51]
[0, 7, 18, 8, 37, 51]
[0, 28, 21, 43, 51]
[0, 36, 11, 20, 35, 51]
[0, 36, 7, 18, 8, 46, 17, 51]
[0, 5, 8, 51]
[0, 2, 21, 26, 51]
[0, 36, 49, 51]
[0, 42, 2, 21, 41, 43, 51]
[0, 42, 43, 13, 51]
[0, 45, 8, 37, 17, 51]
[0, 45, 7, 18, 6, 51]
[0, 12, 26, 51]
[0, 45, 18, 37, 51]
[0, 42, 15, 38, 43, 51]
[0, 12, 34, 24, 51]
[0, 45, 44, 6, 51]
[0, 45, 18, 8, 51]
[0, 45, 7, 8, 43, 51]
[0, 21, 40, 34, 24, 51]
[0, 7, 34, 35, 1, 51]
[0, 36, 11, 18, 8, 51]
[0, 45, 8, 50, 51]
[0, 45, 18, 8, 46, 51]
[0, 2, 15, 38, 43, 51]
[0, 15, 43, 13, 51]
[0, 9, 34, 35, 51]
[0, 2, 21, 18, 8, 51]
[0, 28, 29, 34, 51]
[0, 36, 7, 18, 8, 37, 51]
[0, 45, 38, 43, 51]
[0, 36, 11, 34, 35, 51]
[0, 12, 18, 8, 51]
[0, 21, 18, 8, 37, 51]
[0, 42, 14, 15, 43, 51]
[0, 2, 21, 34, 35, 51]
[0, 2, 23, 41, 51]
[0, 45, 8, 10, 51]
[0, 21, 9, 34, 51]
[0, 45, 44, 43, 51]
[0, 12, 34, 35, 51]
[0, 45, 7, 18, 8, 51]
[0, 45, 44, 37, 51]
[0, 21, 40, 34, 35, 51]
[0, 45, 44, 8, 51]
[0, 36, 11, 7, 18, 8, 51]
[0, 45, 7, 18, 8, 46, 51]
[0, 2, 23, 43, 51]
[0, 42, 15, 43, 13, 51]
[0, 21, 34, 35, 1, 51]
[0, 2, 21, 3, 50, 51]
[0, 2, 21, 40, 26, 51]
[0, 36, 11, 7, 18, 8, 46, 51]
[0, 45, 7, 18, 6, 37, 51]
[0, 45, 44, 6, 43, 51]
[0, 21, 6, 43, 13, 51]
[0, 36, 8, 43, 13, 51]
[0, 45, 18, 8, 43, 51]
[0, 45, 7, 18, 8, 17, 51]
[0, 12, 3, 50, 51]
[0, 45, 18, 8, 37, 51]
[0, 2, 15, 43, 13, 51]
[0, 42, 14, 44, 6, 51]
[0, 21, 40, 3, 50, 51]
[0, 45, 7, 8, 10, 51]
[0, 27, 9, 34, 51]
[0, 14, 44, 37, 51]
[0, 42, 44, 38, 43, 51]
[0, 5, 44, 6, 51]
[0, 5, 18, 8, 51]
[0, 42, 44, 38, 37, 51]
[0, 28, 29, 34, 35, 51]
[0, 36, 11, 19, 7, 8, 51]
[0, 28, 12, 50, 51]
[0, 5, 18, 8, 46, 51]
[0, 12, 18, 8, 37, 51]
[0, 2, 23, 41, 43, 51]
[0, 44, 43, 13, 51]
[0, 9, 34, 35, 1, 51]
[0, 42, 2, 21, 40, 26, 51]
[0, 12, 3, 26, 51]
[0, 12, 50, 26, 51]
[0, 12, 9, 34, 51]
[0, 36, 7, 8, 43, 13, 51]
[0, 21, 9, 34, 35, 51]
[0, 45, 44, 38, 51]
[0, 45, 7, 18, 8, 37, 51]
[0, 42, 14, 44, 43, 51]
[0, 12, 40, 34, 35, 51]
[0, 2, 21, 34, 35, 1, 51]
[0, 23, 41, 26, 51]
[0, 30, 9, 34, 51]
[0, 42, 14, 44, 37, 51]
[0, 5, 44, 43, 51]
[0, 23, 34, 35, 51]
[0, 12, 34, 35, 1, 51]
[0, 42, 14, 44, 8, 51]
[0, 5, 44, 37, 51]
[0, 18, 8, 37, 13, 51]
[0, 12, 9, 34, 24, 51]
[0, 21, 40, 34, 35, 1, 51]
[0, 5, 44, 8, 51]
[0, 45, 18, 8, 10, 51]
[0, 42, 2, 23, 41, 43, 51]
[0, 42, 44, 43, 13, 51]
[0, 45, 7, 34, 35, 1, 51]
[0, 2, 23, 22, 51]
[0, 45, 11, 7, 18, 8, 51]
[0, 45, 18, 8, 26, 51]
[0, 42, 14, 44, 6, 37, 51]
[0, 23, 22, 43, 51]
[0, 15, 38, 43, 13, 51]
[0, 27, 9, 34, 35, 51]
[0, 23, 3, 50, 51]
[0, 45, 11, 7, 18, 8, 46, 51]
[0, 5, 18, 8, 37, 51]
[0, 21, 40, 41, 43, 13, 51]
[0, 45, 8, 43, 13, 51]
[0, 36, 11, 9, 34, 35, 51]
[0, 42, 2, 21, 34, 35, 1, 51]
[0, 45, 44, 16, 6, 51]
[0, 28, 12, 18, 8, 51]
[0, 36, 30, 9, 34, 51]
[0, 42, 14, 15, 38, 43, 51]
[0, 45, 8, 37, 13, 51]
[0, 2, 21, 9, 34, 35, 51]
[0, 28, 12, 18, 8, 46, 51]
[0, 28, 21, 9, 34, 51]
[0, 45, 44, 38, 43, 51]
[0, 12, 9, 34, 35, 51]
[0, 2, 23, 41, 26, 51]
[0, 45, 7, 18, 8, 10, 51]
[0, 45, 44, 38, 37, 51]
[0, 2, 23, 34, 35, 51]
[0, 42, 14, 44, 38, 51]
[0, 45, 7, 18, 8, 26, 51]
[0, 23, 22, 41, 43, 51]
[0, 42, 15, 38, 43, 13, 51]
[0, 30, 9, 34, 35, 51]
[0, 21, 9, 34, 35, 1, 51]
[0, 45, 44, 38, 43, 17, 51]
[0, 5, 44, 38, 51]
[0, 42, 14, 44, 8, 37, 51]
[0, 45, 44, 16, 43, 51]
[0, 42, 2, 44, 43, 13, 51]
[0, 45, 7, 8, 43, 13, 51]
[0, 12, 40, 34, 35, 1, 51]
[0, 28, 12, 3, 50, 51]
[0, 45, 44, 16, 37, 51]
[0, 14, 44, 38, 43, 51]
[0, 23, 34, 35, 1, 51]
[0, 45, 44, 16, 8, 51]
[0, 12, 3, 50, 26, 51]
[0, 14, 44, 38, 37, 51]
[0, 45, 38, 43, 13, 51]
[0, 42, 2, 23, 41, 26, 51]
[0, 5, 18, 8, 10, 51]
[0, 36, 11, 49, 10, 51]
[0, 42, 14, 15, 41, 22, 43, 51]
[0, 42, 14, 15, 43, 13, 51]
[0, 42, 2, 23, 34, 35, 51]
[0, 14, 44, 38, 43, 17, 51]
[0, 42, 2, 23, 41, 22, 51]
[0, 42, 2, 23, 22, 41, 51]
[0, 27, 28, 12, 50, 51]
[0, 23, 22, 26, 51]
[0, 28, 12, 18, 8, 37, 51]
[0, 42, 23, 22, 41, 43, 51]
[0, 45, 44, 43, 13, 51]
[0, 39, 23, 41, 51]
[0, 28, 12, 3, 26, 51]
[0, 28, 12, 50, 26, 51]
[0, 28, 12, 9, 34, 51]
[0, 42, 44, 16, 38, 43, 51]
[0, 45, 44, 37, 13, 51]
[0, 28, 21, 9, 34, 35, 51]
[0, 36, 11, 9, 34, 35, 1, 51]
[0, 42, 44, 16, 38, 37, 51]
[0, 42, 14, 44, 38, 43, 51]
[0, 2, 21, 9, 34, 35, 1, 51]
[0, 42, 2, 23, 3, 50, 51]
[0, 45, 44, 38, 26, 51]
[0, 45, 30, 9, 34, 51]
[0, 42, 14, 44, 38, 37, 51]
[0, 5, 44, 38, 43, 51]
[0, 12, 9, 34, 35, 1, 51]
[0, 28, 23, 41, 22, 51]
[0, 28, 23, 22, 41, 51]
[0, 27, 28, 12, 26, 51]
[0, 42, 14, 44, 8, 10, 51]
[0, 5, 44, 38, 37, 51]
[0, 14, 44, 43, 13, 51]
[0, 2, 23, 34, 35, 1, 51]
[0, 42, 14, 44, 38, 43, 17, 51]
[0, 45, 44, 16, 38, 51]
[0, 23, 41, 22, 26, 51]
[0, 42, 14, 44, 16, 43, 51]
[0, 42, 44, 38, 43, 13, 51]
[0, 5, 2, 21, 3, 50, 51]
[0, 5, 2, 21, 40, 26, 51]
[0, 45, 11, 7, 18, 8, 10, 51]
[0, 42, 14, 44, 16, 37, 51]
[0, 5, 44, 16, 43, 51]
[0, 42, 44, 38, 37, 13, 51]
[0, 42, 14, 44, 16, 8, 51]
[0, 2, 23, 22, 26, 51]
[0, 5, 44, 16, 37, 51]
[0, 42, 2, 23, 22, 41, 43, 51]
[0, 2, 23, 41, 43, 13, 51]
[0, 5, 44, 16, 8, 51]
[0, 42, 2, 23, 22, 41, 37, 51]
[0, 39, 23, 41, 43, 51]
[0, 5, 38, 43, 13, 51]
[0, 42, 12, 9, 34, 35, 1, 51]
[0, 5, 44, 16, 8, 46, 51]
[0, 39, 23, 41, 37, 51]
[0, 27, 28, 21, 22, 41, 43, 51]
[0, 42, 14, 44, 43, 13, 51]
[0, 28, 12, 9, 34, 35, 51]
[0, 42, 23, 41, 22, 26, 51]
[0, 39, 23, 34, 51]
[0, 5, 2, 21, 22, 41, 43, 51]
[0, 5, 44, 43, 13, 51]
[0, 36, 30, 9, 34, 35, 1, 51]
[0, 5, 12, 9, 34, 51]
[0, 28, 23, 22, 41, 43, 51]
[0, 5, 44, 37, 13, 51]
[0, 45, 30, 9, 34, 35, 51]
[0, 28, 21, 9, 34, 35, 1, 51]
[0, 2, 23, 41, 22, 26, 51]
[0, 45, 44, 16, 38, 43, 51]
[0, 42, 2, 23, 41, 43, 13, 51]
[0, 5, 2, 21, 34, 35, 1, 51]
[0, 27, 28, 12, 3, 50, 51]
[0, 45, 44, 16, 38, 37, 51]
[0, 23, 22, 43, 13, 51]
[0, 5, 12, 34, 35, 1, 51]
[0, 45, 44, 16, 8, 10, 51]
[0, 28, 12, 3, 50, 26, 51]
[0, 5, 18, 8, 37, 13, 51]
[0, 33, 12, 9, 34, 35, 1, 51]
[0, 45, 44, 16, 38, 43, 17, 51]
[0, 5, 2, 21, 40, 3, 50, 51]
[0, 45, 44, 16, 8, 26, 51]
[0, 2, 23, 3, 50, 26, 51]
[0, 42, 14, 44, 16, 8, 37, 51]
[0, 14, 23, 22, 41, 43, 51]
[0, 42, 14, 15, 38, 43, 13, 51]
[0, 28, 23, 22, 26, 51]
[0, 5, 44, 16, 8, 37, 51]
[0, 14, 44, 16, 38, 43, 51]
[0, 45, 44, 38, 43, 13, 51]
[0, 42, 2, 23, 41, 22, 26, 51]
[0, 27, 28, 12, 9, 34, 51]
[0, 45, 44, 38, 37, 13, 51]
[0, 39, 23, 41, 26, 51]
[0, 27, 28, 21, 40, 22, 41, 43, 51]
[0, 23, 22, 41, 43, 13, 51]
[0, 39, 23, 41, 22, 51]
[0, 39, 23, 22, 41, 51]
[0, 28, 27, 30, 9, 34, 51]
[0, 5, 2, 21, 40, 22, 41, 43, 51]
[0, 45, 44, 16, 43, 13, 51]
[0, 5, 12, 9, 34, 35, 51]
[0, 28, 12, 9, 34, 35, 1, 51]
[0, 42, 2, 23, 3, 50, 26, 51]
[0, 14, 44, 38, 43, 13, 51]
[0, 28, 23, 41, 22, 26, 51]
[0, 42, 14, 44, 16, 38, 43, 51]
[0, 45, 30, 9, 34, 35, 1, 51]
[0, 39, 23, 3, 50, 51]
[0, 42, 14, 44, 16, 38, 37, 51]
[0, 5, 44, 16, 38, 43, 51]
[0, 31, 30, 9, 34, 35, 51]
[0, 42, 14, 44, 16, 8, 10, 51]
[0, 5, 44, 16, 38, 37, 51]
[0, 42, 23, 22, 41, 43, 13, 51]
[0, 5, 44, 16, 8, 10, 51]
[0, 42, 44, 16, 38, 43, 13, 51]
[0, 27, 31, 11, 7, 18, 8, 37, 51]
[0, 42, 14, 44, 38, 43, 13, 51]
[0, 39, 23, 22, 41, 43, 51]
[0, 5, 44, 38, 43, 13, 51]
[0, 39, 23, 22, 41, 37, 51]
[0, 5, 44, 38, 37, 13, 51]
[0, 42, 14, 44, 16, 43, 13, 51]
[0, 39, 23, 34, 35, 1, 51]
[0, 27, 28, 12, 9, 3, 50, 51]
[0, 28, 27, 31, 7, 18, 8, 37, 51]
[0, 5, 44, 16, 43, 13, 51]
[0, 5, 12, 9, 34, 35, 1, 51]
[0, 27, 28, 12, 3, 50, 26, 51]
[0, 27, 31, 30, 9, 34, 51]
[0, 42, 2, 23, 22, 41, 43, 13, 51]
[0, 39, 23, 22, 26, 51]
[0, 39, 23, 41, 43, 13, 51]
[0, 5, 2, 21, 40, 3, 50, 26, 51]
[0, 27, 28, 21, 22, 41, 43, 13, 51]
[0, 31, 30, 9, 34, 35, 1, 51]
[0, 5, 2, 21, 22, 41, 43, 13, 51]
[0, 28, 23, 22, 41, 43, 13, 51]
[0, 45, 44, 16, 38, 43, 13, 51]
[0, 27, 28, 12, 9, 34, 35, 1, 51]
[0, 39, 23, 41, 22, 26, 51]
[0, 45, 44, 16, 38, 37, 13, 51]
[0, 5, 2, 21, 40, 22, 43, 13, 51]
[0, 42, 14, 44, 16, 8, 43, 13, 51]
[0, 28, 27, 30, 9, 34, 35, 1, 51]
[0, 14, 23, 22, 41, 43, 13, 51]
[0, 27, 31, 30, 9, 34, 35, 51]
[0, 39, 23, 3, 50, 26, 51]
[0, 14, 44, 16, 38, 43, 13, 51]
[0, 14, 44, 16, 38, 37, 13, 51]
[0, 27, 28, 21, 40, 22, 41, 43, 13, 51]
[0, 5, 2, 21, 40, 22, 41, 43, 13, 51]
[0, 5, 12, 40, 22, 41, 43, 13, 51]
[0, 28, 27, 31, 9, 34, 35, 1, 51]
[0, 42, 14, 44, 16, 38, 43, 13, 51]
[0, 5, 44, 16, 38, 43, 13, 51]
[0, 27, 28, 12, 9, 3, 50, 26, 51]
[0, 28, 27, 31, 30, 9, 34, 51]
[0, 5, 44, 16, 38, 37, 13, 51]
[0, 28, 27, 31, 18, 8, 37, 13, 51]
[0, 45, 44, 16, 8, 10, 32, 1, 51]
[0, 45, 11, 19, 49, 48, 51]
[0, 27, 31, 11, 7, 18, 8, 37, 13, 51]
[0, 27, 31, 30, 9, 34, 35, 1, 51]
[0, 39, 23, 22, 41, 43, 13, 51]
[0, 39, 23, 22, 41, 37, 13, 51]
[0, 14, 2, 23, 41, 22, 26, 4, 51]
[0, 14, 44, 16, 8, 10, 32, 1, 51]
[0, 5, 2, 21, 40, 3, 50, 26, 4, 51]
[0, 45, 19, 49, 10, 48, 51]
[0, 28, 27, 31, 7, 18, 8, 37, 13, 51]
[0, 27, 28, 12, 3, 50, 26, 13, 51]
[0, 45, 7, 18, 8, 10, 32, 48, 51]
[0, 39, 23, 22, 26, 13, 51]
[0, 28, 27, 31, 30, 9, 34, 35, 51]
[0, 5, 2, 21, 40, 3, 50, 26, 13, 51]
[0, 39, 23, 41, 22, 26, 4, 51]
[0, 28, 27, 31, 30, 9, 34, 1, 51]
[0, 42, 14, 44, 16, 8, 10, 32, 1, 51]
[0, 5, 44, 16, 8, 10, 32, 1, 51]
[0, 45, 49, 10, 32, 48, 51]
[0, 39, 23, 3, 50, 26, 4, 51]
[0, 28, 27, 31, 7, 18, 8, 46, 48, 51]
[0, 42, 14, 44, 16, 38, 37, 48, 51]
[0, 36, 11, 49, 10, 32, 48, 51]
[0, 39, 23, 41, 22, 26, 13, 51]
[0, 5, 44, 16, 38, 37, 48, 51]
[0, 45, 11, 19, 49, 10, 32, 1, 51]
[0, 39, 23, 41, 22, 26, 4, 25, 51]
[0, 39, 23, 3, 50, 26, 13, 51]
[0, 45, 7, 49, 10, 32, 48, 51]
[0, 27, 31, 7, 49, 10, 32, 1, 51]
[0, 45, 11, 19, 49, 10, 48, 51]
[0, 36, 19, 49, 10, 32, 48, 51]
[0, 28, 27, 31, 30, 9, 34, 35, 1, 51]
[0, 28, 27, 31, 30, 9, 34, 4, 51]
[0, 45, 11, 7, 18, 8, 10, 32, 48, 51]
[0, 27, 31, 7, 49, 10, 48, 51]
[0, 27, 31, 30, 9, 34, 48, 51]
[0, 28, 12, 18, 8, 10, 32, 48, 51]
[0, 27, 31, 30, 20, 32, 48, 51]
[0, 27, 28, 12, 9, 3, 50, 26, 13, 51]
[0, 45, 11, 49, 10, 32, 48, 51]
[0, 27, 31, 11, 49, 10, 32, 1, 51]
[0, 45, 11, 19, 7, 8, 10, 32, 48, 51]
[0, 27, 28, 12, 9, 20, 32, 48, 51]
[0, 5, 7, 49, 10, 32, 48, 51]
[0, 27, 31, 11, 49, 10, 48, 51]
[0, 45, 44, 16, 8, 10, 32, 48, 51]
[0, 27, 31, 11, 19, 49, 48, 51]
[0, 45, 19, 49, 10, 32, 48, 51]
[0, 27, 28, 21, 18, 8, 10, 32, 48, 51]
[0, 36, 11, 19, 49, 10, 32, 48, 51]
[0, 14, 44, 16, 8, 10, 32, 48, 51]
[0, 5, 11, 49, 10, 32, 48, 51]
[0, 27, 31, 7, 18, 8, 10, 32, 48, 51]
[0, 42, 14, 44, 16, 8, 10, 32, 48, 51]
[0, 5, 44, 16, 8, 10, 32, 48, 51]
[0, 36, 47, 11, 49, 10, 32, 48, 51]
[0, 45, 11, 19, 49, 10, 32, 48, 51]
[0, 27, 31, 7, 49, 10, 32, 48, 51]
[0, 27, 31, 11, 49, 10, 32, 48, 51]
[0, 29, 3, 24, 51]
[0, 21, 3, 24, 51]
[0, 27, 29, 24, 51]
[0, 21, 4, 51]
[0, 21, 40, 6, 37, 51]
[0, 29, 3, 24, 25, 51]
[0, 27, 3, 24, 51]
[0, 9, 20, 35, 51]
[0, 2, 21, 3, 24, 51]
[0, 12, 3, 24, 51]
[0, 21, 40, 3, 24, 51]
[0, 5, 6, 37, 51]
[0, 2, 21, 4, 51]
[0, 2, 21, 40, 6, 37, 51]
[0, 29, 3, 50, 24, 51]
[0, 30, 20, 35, 51]
[0, 21, 40, 4, 51]
[0, 33, 9, 20, 24, 51]
[0, 21, 3, 50, 24, 51]
[0, 2, 21, 3, 24, 25, 51]
[0, 27, 29, 3, 24, 51]
[0, 27, 29, 34, 24, 51]
[0, 29, 9, 20, 35, 51]
[0, 2, 21, 40, 3, 24, 51]
[0, 33, 9, 34, 24, 51]
[0, 33, 9, 20, 35, 51]
[0, 27, 3, 50, 24, 51]
[0, 27, 7, 18, 8, 46, 17, 51]
[0, 21, 40, 4, 25, 51]
[0, 33, 9, 20, 24, 25, 51]
[0, 2, 21, 40, 4, 51]
[0, 14, 16, 37, 51]
[0, 5, 16, 17, 51]
[0, 27, 29, 3, 24, 25, 51]
[0, 5, 16, 6, 51]
[0, 5, 18, 6, 37, 51]
[0, 21, 40, 3, 50, 24, 51]
[0, 27, 9, 20, 35, 51]
[0, 14, 16, 6, 37, 51]
[0, 5, 18, 8, 46, 17, 51]
[0, 27, 29, 3, 50, 51]
[0, 36, 49, 10, 51]
[0, 42, 14, 16, 37, 51]
[0, 27, 21, 40, 3, 24, 51]
[0, 12, 9, 20, 35, 51]
[0, 5, 16, 37, 51]
[0, 5, 16, 8, 51]
[0, 27, 29, 3, 50, 24, 51]
[0, 27, 30, 20, 35, 51]
[0, 42, 14, 16, 6, 37, 51]
[0, 2, 21, 22, 4, 51]
[0, 5, 16, 37, 17, 51]
[0, 5, 16, 6, 37, 51]
[0, 21, 40, 22, 4, 51]
[0, 27, 28, 29, 3, 24, 51]
[0, 5, 16, 8, 46, 17, 51]
[0, 27, 29, 9, 34, 24, 51]
[0, 27, 29, 9, 20, 35, 51]
[0, 33, 9, 20, 32, 51]
[0, 27, 29, 9, 20, 24, 25, 51]
[0, 5, 6, 37, 13, 51]
[0, 5, 7, 18, 20, 35, 51]
[0, 36, 47, 7, 18, 8, 17, 51]
[0, 27, 29, 3, 50, 24, 25, 51]
[0, 2, 21, 40, 6, 37, 13, 51]
[0, 39, 21, 4, 51]
[0, 5, 16, 8, 37, 51]
[0, 45, 8, 46, 48, 51]
[0, 2, 21, 40, 3, 50, 24, 25, 51]
[0, 14, 16, 38, 37, 51]
[0, 5, 2, 21, 4, 51]
[0, 27, 28, 29, 3, 24, 25, 51]
[0, 2, 21, 40, 22, 4, 51]
[0, 27, 12, 3, 50, 24, 51]
[0, 14, 15, 22, 4, 51]
[0, 27, 21, 40, 3, 50, 24, 51]
[0, 31, 30, 20, 35, 51]
[0, 36, 47, 11, 7, 20, 35, 51]
[0, 27, 7, 8, 48, 51]
[0, 42, 14, 16, 38, 43, 51]
[0, 27, 28, 12, 3, 24, 51]
[0, 42, 14, 16, 38, 37, 51]
[0, 5, 16, 38, 43, 51]
[0, 5, 16, 38, 37, 51]
[0, 5, 16, 8, 10, 51]
[0, 14, 16, 37, 13, 51]
[0, 39, 21, 40, 4, 51]
[0, 27, 28, 29, 3, 50, 24, 51]
[0, 27, 30, 9, 20, 35, 51]
[0, 5, 16, 6, 13, 51]
[0, 5, 16, 38, 37, 17, 51]
[0, 36, 49, 48, 51]
[0, 5, 18, 6, 37, 13, 51]
[0, 5, 2, 21, 40, 4, 51]
[0, 5, 8, 46, 48, 51]
[0, 14, 16, 6, 37, 13, 51]
[0, 2, 23, 22, 4, 51]
[0, 27, 29, 9, 20, 32, 51]
[0, 27, 28, 12, 3, 24, 25, 51]
[0, 36, 49, 10, 32, 51]
[0, 27, 28, 29, 9, 20, 35, 51]
[0, 42, 14, 16, 37, 13, 51]
[0, 5, 2, 21, 40, 3, 24, 25, 51]
[0, 5, 16, 37, 13, 51]
[0, 5, 7, 18, 6, 37, 13, 51]
[0, 5, 7, 8, 46, 48, 51]
[0, 36, 47, 49, 10, 51]
[0, 27, 7, 18, 8, 48, 51]
[0, 5, 16, 6, 37, 13, 51]
[0, 39, 23, 4, 51]
[0, 27, 28, 12, 3, 50, 24, 51]
[0, 5, 2, 21, 22, 4, 51]
[0, 39, 23, 22, 24, 51]
[0, 27, 31, 30, 20, 35, 51]
[0, 21, 40, 3, 50, 26, 4, 51]
[0, 5, 2, 21, 40, 3, 50, 24, 51]
[0, 39, 23, 3, 24, 25, 51]
[0, 27, 29, 9, 20, 32, 1, 51]
[0, 5, 18, 8, 48, 51]
[0, 39, 23, 41, 4, 51]
[0, 36, 49, 10, 32, 1, 51]
[0, 14, 16, 38, 43, 13, 51]
[0, 39, 23, 40, 3, 24, 51]
[0, 39, 23, 4, 25, 51]
[0, 14, 16, 38, 37, 13, 51]
[0, 28, 27, 30, 9, 20, 35, 51]
[0, 27, 28, 12, 3, 50, 24, 25, 51]
[0, 39, 21, 40, 26, 4, 51]
[0, 36, 49, 10, 48, 51]
[0, 39, 23, 40, 4, 51]
[0, 5, 7, 18, 8, 48, 51]
[0, 5, 2, 21, 40, 26, 4, 51]
[0, 39, 23, 3, 50, 24, 51]
[0, 5, 7, 18, 8, 46, 48, 51]
[0, 42, 14, 16, 38, 43, 13, 51]
[0, 5, 16, 8, 48, 51]
[0, 5, 16, 38, 43, 13, 51]
[0, 5, 16, 38, 37, 13, 51]
[0, 5, 16, 8, 10, 32, 51]
[0, 39, 21, 40, 26, 4, 25, 51]
[0, 36, 47, 7, 18, 8, 48, 51]
[0, 27, 30, 9, 20, 32, 1, 51]
[0, 36, 47, 7, 18, 8, 46, 48, 51]
[0, 5, 2, 21, 40, 22, 4, 25, 51]
[0, 39, 23, 22, 4, 51]
[0, 39, 23, 40, 3, 50, 24, 51]
[0, 27, 28, 29, 9, 20, 32, 1, 51]
[0, 36, 47, 19, 7, 8, 48, 51]
[0, 36, 47, 19, 7, 8, 46, 48, 51]
[0, 36, 47, 49, 10, 32, 51]
[0, 39, 23, 41, 22, 4, 51]
[0, 5, 16, 8, 10, 32, 1, 51]
[0, 39, 23, 22, 4, 25, 51]
[0, 33, 29, 9, 20, 32, 48, 51]
[0, 39, 23, 40, 3, 50, 24, 25, 51]
[0, 39, 23, 40, 26, 4, 51]
[0, 36, 47, 11, 7, 18, 8, 48, 51]
[0, 36, 47, 11, 7, 18, 8, 46, 48, 51]
[0, 39, 23, 22, 43, 13, 51]
[0, 39, 23, 41, 22, 4, 25, 51]
[0, 27, 29, 9, 20, 32, 48, 51]
[0, 36, 47, 11, 49, 48, 51]
[0, 36, 49, 10, 32, 48, 51]
[0, 36, 47, 49, 10, 32, 1, 51]
[0, 39, 23, 40, 26, 4, 25, 51]
[0, 36, 47, 11, 19, 7, 8, 46, 48, 51]
[0, 27, 28, 12, 3, 50, 26, 4, 51]
[0, 28, 27, 31, 30, 9, 20, 35, 51]
[0, 39, 23, 22, 26, 4, 51]
[0, 36, 47, 19, 49, 48, 51]
[0, 27, 28, 12, 3, 50, 26, 4, 25, 51]
[0, 39, 23, 22, 26, 4, 25, 51]
[0, 27, 30, 9, 20, 32, 48, 51]
[0, 27, 28, 29, 9, 20, 32, 48, 51]
[0, 36, 47, 11, 19, 49, 48, 51]
[0, 5, 16, 8, 10, 32, 48, 51]
[0, 36, 47, 49, 10, 32, 48, 51]
[0, 40, 6, 37, 17, 51]
[0, 40, 26, 51]
[0, 28, 29, 24, 51]
[0, 7, 18, 6, 37, 17, 51]
[0, 21, 40, 6, 37, 17, 51]
[0, 28, 29, 24, 25, 51]
[0, 33, 29, 3, 24, 51]
[0, 21, 40, 26, 51]
[0, 5, 6, 37, 17, 51]
[0, 2, 21, 40, 6, 37, 17, 51]
[0, 2, 15, 40, 26, 51]
[0, 29, 9, 34, 24, 51]
[0, 33, 29, 3, 24, 25, 51]
[0, 42, 14, 15, 40, 6, 51]
[0, 12, 40, 26, 51]
[0, 45, 7, 18, 8, 46, 17, 51]
[0, 45, 7, 18, 6, 37, 17, 51]
[0, 28, 29, 3, 24, 25, 51]
[0, 29, 9, 34, 24, 25, 51]
[0, 33, 29, 3, 50, 24, 51]
[0, 14, 15, 40, 6, 37, 17, 51]
[0, 28, 12, 3, 24, 51]
[0, 5, 18, 6, 37, 17, 51]
[0, 33, 29, 9, 34, 24, 51]
[0, 39, 21, 40, 6, 51]
[0, 42, 14, 15, 40, 6, 37, 17, 51]
[0, 5, 7, 18, 6, 37, 17, 51]
[0, 28, 12, 40, 6, 37, 17, 51]
[0, 28, 29, 9, 34, 24, 51]
[0, 42, 14, 15, 40, 26, 51]
[0, 28, 29, 3, 50, 24, 25, 51]
[0, 28, 12, 40, 26, 51]
[0, 39, 21, 40, 6, 37, 51]
[0, 28, 12, 3, 50, 24, 51]
[0, 39, 21, 40, 6, 37, 17, 51]
[0, 14, 44, 16, 37, 17, 51]
[0, 39, 21, 40, 26, 51]
[0, 14, 44, 16, 6, 37, 17, 51]
[0, 39, 21, 40, 26, 24, 51]
[0, 42, 14, 44, 16, 37, 17, 51]
[0, 28, 29, 9, 20, 32, 51]
[0, 5, 44, 16, 37, 17, 51]
[0, 42, 14, 44, 16, 6, 37, 17, 51]
[0, 42, 14, 15, 40, 6, 37, 13, 51]
[0, 5, 44, 16, 6, 37, 17, 51]
[0, 39, 21, 40, 26, 24, 25, 51]
[0, 31, 30, 9, 34, 24, 51]
[0, 28, 29, 9, 20, 32, 1, 51]
[0, 14, 44, 16, 38, 37, 17, 51]
[0, 39, 21, 40, 6, 37, 13, 51]
[0, 39, 23, 40, 26, 51]
[0, 42, 14, 44, 16, 38, 43, 17, 51]
[0, 42, 14, 44, 16, 38, 37, 17, 51]
[0, 39, 23, 40, 26, 24, 51]
[0, 5, 44, 16, 38, 37, 17, 51]
[0, 42, 14, 44, 16, 37, 13, 51]
[0, 39, 23, 40, 26, 24, 25, 51]
[0, 27, 31, 30, 9, 34, 24, 51]
[0, 27, 31, 30, 9, 34, 24, 25, 51]
[0, 42, 14, 44, 16, 38, 37, 13, 51]
[0, 12, 50, 24, 25, 51]
[0, 33, 29, 34, 35, 1, 51]
[0, 33, 29, 9, 20, 35, 51]
[0, 21, 22, 4, 25, 51]
[0, 28, 12, 50, 24, 25, 51]
[0, 33, 29, 9, 34, 35, 51]
[0, 33, 29, 9, 34, 24, 25, 51]
[0, 2, 21, 22, 4, 25, 51]
[0, 21, 22, 41, 43, 13, 51]
[0, 33, 29, 9, 34, 35, 1, 51]
[0, 28, 12, 3, 50, 24, 25, 51]
[0, 2, 21, 22, 41, 43, 13, 51]
[0, 2, 23, 22, 4, 25, 51]
[0, 2, 23, 41, 22, 4, 25, 51]
[0, 2, 23, 22, 41, 43, 13, 51]
[0, 28, 30, 20, 35, 51]
[0, 28, 30, 9, 34, 24, 51]
[0, 28, 30, 9, 34, 35, 51]
[0, 28, 30, 9, 34, 24, 25, 51]
[0, 28, 30, 9, 34, 35, 1, 51]
[0, 45, 7, 49, 10, 32, 51]
[0, 5, 7, 49, 10, 32, 51]
[0, 31, 11, 49, 10, 32, 51]
[0, 36, 47, 11, 49, 10, 32, 51]
[0, 27, 31, 11, 49, 10, 32, 51]
[0, 31, 11, 19, 49, 10, 32, 51]
[0, 36, 47, 11, 19, 49, 10, 32, 51]
[0, 27, 31, 11, 19, 49, 10, 32, 51]
[0, 33, 9, 20, 32, 1, 51]
[0, 33, 29, 9, 20, 32, 1, 51]
[0, 31, 30, 20, 32, 1, 51]
[0, 45, 7, 49, 10, 32, 1, 51]
[0, 27, 31, 30, 20, 32, 1, 51]
[0, 5, 7, 49, 10, 32, 1, 51]
[0, 36, 47, 11, 49, 10, 32, 1, 51]
[0, 36, 47, 11, 7, 49, 10, 32, 1, 51]
