r103
[0, 9, 1, 3, 7, 5, 11]
[0, 8, 2, 11]
[0, 4, 11]
[0, 10, 11]
[0, 6, 11]
[0, 2, 11]
[0, 1, 11]
[0, 2, 7, 11]
[0, 1, 6, 11]
[0, 1, 7, 11]
[0, 1, 2, 11]
[0, 1, 7, 6, 11]
[0, 6, 7, 1, 11]
[0, 1, 8, 11]
[0, 2, 3, 11]
[0, 1, 2, 6, 11]
[0, 1, 6, 2, 11]
[0, 2, 6, 1, 11]
[0, 2, 7, 1, 11]
[0, 1, 3, 11]
[0, 1, 7, 8, 11]
[0, 1, 7, 2, 6, 11]
[0, 1, 7, 6, 2, 11]
[0, 2, 6, 7, 1, 11]
[0, 3, 1, 6, 11]
[0, 2, 1, 8, 11]
[0, 2, 8, 1, 11]
[0, 1, 10, 11]
[0, 7, 1, 2, 7, 11]
[0, 2, 1, 6, 2, 11]
[0, 2, 6, 1, 2, 11]
[0, 7, 1, 3, 11]
[0, 1, 7, 6, 1, 11]
[0, 1, 6, 7, 1, 11]
[0, 2, 7, 1, 2, 11]
[0, 2, 3, 1, 11]
[0, 1, 2, 6, 1, 11]
[0, 3, 1, 7, 6, 11]
[0, 2, 1, 7, 8, 11]
[0, 2, 8, 7, 1, 11]
[0, 1, 7, 8, 2, 11]
[0, 7, 10, 1, 11]
[0, 1, 2, 7, 1, 11]
[0, 2, 5, 11]
[0, 1, 3, 2, 6, 11]
[0, 2, 1, 10, 11]
[0, 2, 10, 1, 11]
[0, 7, 1, 6, 7, 1, 11]
[0, 1, 7, 8, 1, 11]
[0, 2, 3, 1, 7, 11]
[0, 1, 7, 2, 6, 1, 11]
[0, 1, 2, 6, 7, 1, 11]
[0, 1, 5, 11]
[0, 1, 3, 6, 1, 11]
[0, 1, 2, 8, 1, 11]
[0, 2, 3, 1, 2, 11]
[0, 7, 1, 2, 7, 1, 11]
[0, 2, 1, 6, 2, 1, 11]
[0, 1, 2, 6, 1, 2, 11]
[0, 1, 3, 7, 1, 11]
[0, 1, 5, 6, 11]
[0, 2, 3, 1, 8, 11]
[0, 7, 1, 8, 7, 1, 11]
[0, 1, 2, 7, 1, 2, 11]
[0, 1, 2, 3, 1, 11]
[0, 5, 7, 1, 11]
[0, 1, 7, 9, 1, 11]
[0, 3, 1, 7, 6, 1, 11]
[0, 2, 1, 7, 8, 1, 11]
[0, 1, 7, 10, 1, 11]
[0, 7, 1, 3, 7, 8, 11]
[0, 1, 3, 8, 1, 11]
[0, 2, 1, 7, 6, 2, 1, 11]
[0, 1, 2, 6, 7, 1, 2, 11]
[0, 2, 5, 1, 11]
[0, 7, 1, 3, 7, 1, 11]
[0, 1, 2, 9, 1, 11]
[0, 1, 3, 2, 6, 1, 11]
[0, 1, 2, 10, 1, 11]
[0, 1, 7, 5, 6, 11]
[0, 2, 3, 1, 7, 8, 11]
[0, 3, 1, 7, 8, 2, 11]
[0, 3, 1, 10, 7, 11]
[0, 1, 7, 6, 10, 1, 11]
[0, 2, 7, 1, 2, 7, 1, 11]
[0, 2, 5, 7, 2, 11]
[0, 1, 5, 8, 11]
[0, 1, 8, 5, 11]
[0, 1, 7, 2, 3, 1, 11]
[0, 1, 8, 10, 1, 11]
[0, 1, 2, 5, 6, 11]
[0, 1, 5, 6, 2, 11]
[0, 2, 3, 1, 10, 11]
[0, 1, 2, 6, 10, 1, 11]
[0, 3, 1, 7, 8, 1, 11]
[0, 1, 2, 3, 1, 2, 11]
[0, 2, 5, 7, 1, 11]
[0, 7, 1, 3, 2, 6, 1, 11]
[0, 1, 2, 7, 1, 10, 11]
[0, 2, 1, 7, 10, 1, 11]
[0, 1, 7, 10, 1, 2, 11]
[0, 5, 1, 3, 11]
[0, 1, 3, 9, 1, 11]
[0, 1, 5, 6, 1, 11]
[0, 1, 3, 2, 8, 1, 11]
[0, 1, 3, 10, 1, 11]
[0, 1, 2, 6, 1, 4, 11]
[0, 1, 6, 2, 4, 1, 11]
[0, 1, 7, 5, 8, 11]
[0, 2, 5, 1, 2, 11]
[0, 1, 8, 7, 10, 1, 11]
[0, 2, 3, 1, 6, 2, 1, 11]
[0, 1, 3, 2, 6, 1, 2, 11]
[0, 1, 2, 10, 1, 2, 11]
[0, 1, 5, 7, 1, 11]
[0, 1, 7, 2, 6, 10, 1, 11]
[0, 1, 2, 6, 10, 7, 1, 11]
[0, 2, 7, 1, 2, 7, 1, 2, 11]
[0, 3, 1, 5, 6, 11]
[0, 1, 2, 5, 8, 11]
[0, 2, 5, 8, 1, 11]
[0, 7, 1, 3, 8, 7, 1, 11]
[0, 2, 1, 8, 10, 1, 11]
[0, 1, 8, 10, 1, 2, 11]
[0, 1, 2, 5, 1, 11]
[0, 7, 1, 2, 7, 10, 1, 11]
[0, 1, 2, 7, 1, 10, 7, 11]
[0, 2, 7, 1, 10, 7, 1, 11]
[0, 1, 2, 6, 10, 1, 2, 11]
[0, 5, 7, 1, 3, 11]
[0, 7, 1, 3, 9, 1, 11]
[0, 1, 7, 5, 6, 1, 11]
[0, 2, 3, 1, 7, 8, 1, 11]
[0, 3, 1, 7, 10, 1, 11]
[0, 1, 7, 10, 1, 3, 11]
[0, 1, 7, 2, 6, 1, 4, 11]
[0, 1, 7, 6, 1, 4, 2, 11]
[0, 1, 7, 6, 2, 4, 1, 11]
[0, 1, 2, 7, 1, 2, 7, 1, 11]
[0, 1, 7, 5, 8, 7, 11]
[0, 2, 5, 7, 1, 2, 11]
[0, 1, 5, 8, 1, 11]
[0, 7, 1, 8, 7, 10, 1, 11]
[0, 1, 7, 8, 10, 7, 1, 11]
[0, 2, 1, 7, 6, 2, 3, 1, 11]
[0, 1, 2, 7, 1, 10, 2, 11]
[0, 2, 1, 7, 10, 1, 2, 11]
[0, 1, 3, 2, 5, 11]
[0, 2, 1, 3, 9, 1, 11]
[0, 1, 2, 5, 6, 1, 11]
[0, 1, 2, 3, 1, 10, 11]
[0, 2, 1, 3, 10, 1, 11]
[0, 1, 3, 10, 1, 2, 11]
[0, 1, 2, 6, 1, 4, 2, 11]
[0, 3, 1, 7, 5, 6, 11]
[0, 1, 2, 5, 8, 7, 11]
[0, 2, 5, 8, 7, 1, 11]
[0, 2, 1, 8, 7, 10, 1, 11]
[0, 1, 8, 7, 10, 1, 2, 11]
[0, 2, 1, 6, 2, 3, 1, 2, 11]
[0, 3, 1, 5, 8, 11]
[0, 1, 2, 5, 7, 1, 11]
[0, 1, 2, 7, 1, 2, 4, 11]
[0, 1, 2, 7, 1, 4, 2, 11]
[0, 1, 7, 2, 6, 10, 1, 2, 11]
[0, 1, 2, 6, 1, 3, 7, 1, 11]
[0, 1, 3, 2, 5, 6, 11]
[0, 1, 3, 5, 1, 11]
[0, 1, 7, 3, 1, 7, 10, 11]
[0, 2, 1, 9, 10, 1, 11]
[0, 1, 3, 2, 6, 10, 1, 11]
[0, 2, 1, 8, 10, 1, 2, 11]
[0, 1, 7, 5, 8, 1, 11]
[0, 1, 5, 8, 7, 1, 11]
[0, 1, 2, 5, 1, 2, 11]
[0, 1, 3, 7, 1, 2, 7, 1, 11]
[0, 2, 7, 1, 10, 7, 1, 2, 11]
[0, 2, 5, 7, 1, 3, 11]
[0, 2, 7, 1, 3, 9, 1, 11]
[0, 1, 7, 5, 2, 6, 1, 11]
[0, 2, 3, 1, 7, 10, 1, 11]
[0, 1, 7, 2, 6, 1, 4, 2, 11]
[0, 2, 1, 7, 6, 2, 4, 1, 11]
[0, 1, 5, 9, 1, 11]
[0, 3, 1, 5, 6, 1, 11]
[0, 1, 2, 5, 8, 1, 11]
[0, 2, 1, 7, 8, 10, 7, 1, 11]
[0, 1, 3, 2, 6, 1, 4, 11]
[0, 1, 3, 6, 1, 4, 2, 11]
[0, 3, 1, 6, 2, 4, 1, 11]
[0, 2, 1, 8, 2, 4, 1, 11]
[0, 1, 2, 7, 1, 2, 3, 1, 11]
[0, 3, 1, 7, 5, 8, 11]
[0, 3, 1, 5, 8, 7, 11]
[0, 3, 1, 7, 8, 5, 11]
[0, 2, 5, 1, 3, 2, 11]
[0, 1, 7, 2, 5, 7, 1, 11]
[0, 1, 2, 5, 6, 2, 1, 11]
[0, 1, 2, 7, 1, 10, 7, 1, 11]
[0, 1, 5, 7, 1, 3, 11]
[0, 2, 1, 7, 8, 5, 2, 11]
[0, 2, 7, 1, 9, 10, 1, 11]
[0, 2, 1, 9, 10, 7, 1, 11]
[0, 1, 3, 2, 6, 10, 7, 1, 11]
[0, 2, 1, 8, 7, 10, 1, 2, 11]
[0, 1, 3, 2, 5, 8, 11]
[0, 1, 7, 5, 8, 7, 1, 11]
[0, 1, 3, 9, 10, 1, 11]
[0, 2, 3, 1, 8, 10, 1, 11]
[0, 1, 2, 5, 7, 1, 2, 11]
[0, 1, 2, 7, 1, 10, 2, 1, 11]
[0, 1, 3, 2, 5, 6, 2, 11]
[0, 1, 5, 2, 3, 1, 11]
[0, 1, 7, 5, 2, 6, 7, 1, 11]
[0, 1, 3, 7, 1, 3, 7, 1, 11]
[0, 1, 2, 3, 1, 2, 4, 11]
[0, 1, 2, 3, 1, 4, 2, 11]
[0, 2, 1, 9, 10, 1, 2, 11]
[0, 1, 3, 2, 6, 10, 1, 2, 11]
[0, 1, 2, 6, 10, 1, 3, 2, 11]
[0, 5, 7, 1, 5, 11]
[0, 1, 5, 7, 9, 1, 11]
[0, 3, 1, 7, 5, 6, 1, 11]
[0, 1, 2, 5, 8, 7, 1, 11]
[0, 1, 7, 9, 1, 4, 2, 11]
[0, 3, 1, 7, 6, 1, 4, 2, 11]
[0, 3, 1, 7, 6, 2, 4, 1, 11]
[0, 2, 1, 7, 8, 2, 4, 1, 11]
[0, 2, 3, 1, 2, 3, 1, 2, 11]
[0, 3, 1, 7, 5, 8, 7, 11]
[0, 3, 1, 5, 8, 1, 11]
[0, 2, 5, 8, 10, 1, 11]
[0, 7, 1, 3, 8, 7, 10, 1, 11]
[0, 2, 1, 7, 5, 6, 2, 1, 11]
[0, 1, 3, 7, 1, 2, 3, 1, 11]
[0, 2, 3, 1, 7, 10, 1, 2, 11]
[0, 1, 2, 7, 1, 2, 4, 1, 11]
[0, 5, 1, 2, 5, 11]
[0, 1, 3, 2, 5, 6, 1, 11]
[0, 1, 2, 5, 1, 10, 11]
[0, 1, 7, 3, 1, 7, 10, 1, 11]
[0, 1, 3, 7, 1, 10, 7, 1, 11]
[0, 1, 3, 2, 6, 1, 4, 2, 11]
[0, 2, 3, 1, 6, 2, 4, 1, 11]
[0, 2, 1, 6, 2, 4, 3, 1, 11]
[0, 5, 7, 1, 5, 6, 11]
[0, 2, 3, 1, 7, 8, 5, 11]
[0, 3, 1, 7, 8, 5, 2, 11]
[0, 1, 3, 7, 1, 9, 10, 11]
[0, 7, 1, 3, 9, 10, 1, 11]
[0, 2, 3, 1, 8, 7, 10, 1, 11]
[0, 1, 2, 3, 1, 2, 3, 1, 11]
[0, 1, 2, 7, 1, 10, 7, 1, 2, 11]
[0, 5, 1, 8, 5, 11]
[0, 1, 3, 2, 5, 7, 1, 11]
[0, 1, 2, 3, 1, 7, 10, 1, 11]
[0, 1, 5, 2, 6, 5, 11]
[0, 1, 3, 5, 1, 3, 11]
[0, 1, 7, 5, 1, 7, 10, 11]
[0, 2, 1, 3, 9, 10, 1, 11]
[0, 1, 2, 5, 6, 10, 1, 11]
[0, 1, 7, 9, 1, 10, 7, 1, 11]
[0, 1, 2, 6, 1, 4, 3, 1, 11]
[0, 3, 1, 7, 5, 8, 1, 11]
[0, 3, 1, 5, 8, 7, 1, 11]
[0, 2, 5, 8, 7, 10, 1, 11]
[0, 2, 5, 1, 2, 3, 1, 11]
[0, 2, 1, 7, 5, 6, 2, 7, 1, 11]
[0, 1, 7, 5, 2, 6, 7, 1, 2, 11]
[0, 1, 5, 7, 1, 2, 7, 1, 11]
[0, 1, 2, 9, 1, 2, 3, 1, 11]
[0, 1, 2, 3, 1, 10, 2, 1, 11]
[0, 2, 5, 7, 1, 5, 11]
[0, 1, 2, 5, 7, 10, 1, 11]
[0, 7, 1, 3, 7, 1, 10, 7, 1, 11]
[0, 1, 2, 9, 1, 10, 7, 1, 11]
[0, 5, 1, 3, 9, 1, 11]
[0, 1, 3, 2, 5, 8, 1, 11]
[0, 2, 1, 3, 9, 1, 4, 11]
[0, 1, 2, 5, 6, 1, 4, 11]
[0, 1, 3, 9, 1, 4, 2, 11]
[0, 1, 5, 6, 1, 4, 2, 11]
[0, 1, 5, 6, 2, 4, 1, 11]
[0, 2, 1, 8, 2, 4, 3, 1, 11]
[0, 1, 2, 7, 1, 2, 5, 1, 11]
[0, 1, 5, 7, 8, 5, 11]
[0, 2, 5, 1, 2, 5, 11]
[0, 1, 5, 8, 7, 10, 1, 11]
[0, 1, 3, 2, 5, 6, 2, 1, 11]
[0, 1, 2, 5, 6, 2, 3, 1, 11]
[0, 1, 2, 5, 1, 10, 2, 11]
[0, 1, 2, 3, 1, 7, 10, 1, 7, 11]
[0, 1, 7, 3, 1, 7, 10, 1, 2, 11]
[0, 1, 2, 3, 1, 2, 4, 1, 11]
[0, 1, 7, 5, 2, 6, 5, 11]
[0, 1, 5, 7, 1, 5, 11]
[0, 1, 3, 7, 1, 9, 3, 1, 11]
[0, 1, 7, 5, 2, 6, 10, 1, 11]
[0, 1, 3, 7, 1, 3, 10, 1, 11]
[0, 1, 7, 2, 6, 1, 4, 3, 1, 11]
[0, 5, 1, 3, 6, 5, 11]
[0, 3, 1, 7, 5, 8, 7, 1, 11]
[0, 1, 2, 5, 8, 10, 1, 11]
[0, 1, 2, 3, 1, 7, 10, 1, 2, 11]
[0, 3, 1, 5, 8, 7, 10, 11]
[0, 1, 5, 2, 6, 5, 2, 11]
[0, 5, 1, 2, 5, 1, 11]
[0, 1, 7, 2, 5, 7, 10, 1, 11]
[0, 2, 5, 7, 1, 10, 7, 1, 11]
[0, 1, 2, 5, 1, 2, 4, 11]
[0, 1, 2, 3, 1, 10, 3, 1, 11]
[0, 1, 2, 9, 1, 4, 2, 1, 11]
[0, 5, 7, 1, 3, 9, 1, 11]
[0, 5, 7, 1, 5, 6, 1, 11]
[0, 1, 3, 2, 5, 8, 7, 1, 11]
[0, 1, 3, 7, 1, 9, 10, 1, 11]
[0, 1, 3, 9, 1, 10, 7, 1, 11]
[0, 5, 1, 3, 9, 10, 11]
[0, 1, 3, 2, 5, 8, 10, 11]
[0, 1, 7, 5, 8, 7, 10, 1, 11]
[0, 1, 3, 9, 1, 3, 4, 11]
[0, 2, 1, 7, 5, 6, 2, 3, 1, 11]
[0, 1, 5, 7, 1, 2, 3, 1, 11]
[0, 1, 2, 5, 7, 10, 1, 2, 11]
[0, 1, 2, 7, 1, 2, 4, 3, 1, 11]
[0, 2, 5, 1, 3, 9, 1, 11]
[0, 1, 7, 5, 1, 7, 10, 1, 11]
[0, 1, 5, 7, 1, 10, 7, 1, 11]
[0, 2, 1, 3, 9, 1, 4, 2, 11]
[0, 1, 2, 9, 1, 10, 3, 1, 11]
[0, 1, 3, 2, 1, 3, 4, 1, 11]
[0, 1, 2, 5, 8, 7, 5, 11]
[0, 1, 5, 7, 8, 5, 2, 11]
[0, 1, 2, 5, 8, 7, 10, 1, 11]
[0, 1, 3, 7, 1, 9, 4, 1, 11]
[0, 1, 2, 5, 1, 2, 3, 1, 11]
[0, 3, 1, 7, 5, 8, 7, 10, 11]
[0, 1, 7, 5, 2, 6, 5, 2, 11]
[0, 3, 1, 5, 8, 10, 1, 11]
[0, 1, 5, 7, 1, 5, 2, 11]
[0, 1, 2, 5, 1, 10, 7, 1, 11]
[0, 5, 2, 3, 9, 1, 3, 11]
[0, 5, 1, 3, 6, 5, 2, 11]
[0, 2, 5, 1, 9, 10, 1, 11]
[0, 1, 3, 2, 5, 6, 10, 1, 11]
[0, 1, 3, 7, 1, 9, 10, 7, 1, 11]
[0, 7, 1, 3, 9, 1, 10, 7, 1, 11]
[0, 1, 2, 9, 1, 3, 4, 1, 11]
[0, 1, 3, 2, 6, 1, 4, 3, 1, 11]
[0, 1, 3, 9, 1, 4, 2, 1, 11]
[0, 5, 7, 1, 3, 9, 10, 11]
[0, 1, 3, 2, 5, 8, 7, 10, 11]
[0, 3, 2, 5, 8, 7, 10, 1, 11]
[0, 1, 5, 7, 8, 5, 1, 11]
[0, 1, 3, 7, 1, 9, 3, 4, 11]
[0, 2, 5, 1, 2, 5, 1, 11]
[0, 1, 2, 5, 7, 1, 10, 7, 2, 11]
[0, 1, 2, 5, 7, 1, 3, 7, 1, 11]
[0, 2, 5, 7, 1, 10, 7, 1, 2, 11]
[0, 2, 1, 3, 9, 1, 3, 2, 1, 11]
[0, 1, 2, 5, 1, 10, 2, 1, 11]
[0, 1, 2, 3, 1, 10, 3, 1, 2, 11]
[0, 2, 5, 7, 1, 9, 3, 1, 11]
[0, 1, 3, 2, 5, 7, 10, 1, 11]
[0, 2, 1, 3, 9, 1, 10, 7, 1, 11]
[0, 1, 3, 9, 1, 10, 7, 1, 2, 11]
[0, 5, 3, 1, 9, 3, 1, 11]
[0, 5, 1, 3, 9, 1, 3, 11]
[0, 5, 1, 3, 6, 5, 1, 11]
[0, 1, 3, 2, 5, 8, 1, 3, 11]
[0, 2, 1, 3, 9, 1, 3, 4, 11]
[0, 1, 3, 2, 5, 6, 1, 4, 11]
[0, 1, 3, 9, 1, 10, 3, 1, 11]
[0, 1, 2, 5, 7, 1, 2, 3, 1, 11]
[0, 3, 1, 5, 7, 8, 5, 11]
[0, 3, 1, 5, 8, 7, 10, 1, 11]
[0, 2, 5, 1, 3, 9, 1, 2, 11]
[0, 1, 3, 2, 5, 6, 2, 3, 1, 11]
[0, 1, 2, 5, 7, 1, 10, 7, 1, 11]
[0, 1, 2, 5, 1, 2, 4, 1, 11]
[0, 2, 5, 7, 1, 9, 10, 1, 11]
[0, 1, 5, 7, 1, 3, 10, 1, 11]
[0, 1, 2, 5, 8, 7, 10, 1, 2, 11]
[0, 7, 1, 3, 9, 1, 4, 2, 1, 11]
[0, 5, 1, 3, 9, 10, 1, 11]
[0, 1, 3, 2, 5, 8, 10, 1, 11]
[0, 2, 5, 7, 1, 2, 5, 1, 11]
[0, 1, 3, 9, 1, 3, 4, 1, 11]
[0, 1, 2, 5, 1, 10, 7, 1, 2, 11]
[0, 1, 3, 2, 5, 6, 2, 5, 11]
[0, 1, 7, 5, 2, 6, 5, 7, 1, 11]
[0, 1, 5, 7, 1, 5, 7, 1, 11]
[0, 1, 2, 5, 1, 10, 3, 1, 11]
[0, 2, 1, 3, 9, 1, 4, 2, 1, 11]
[0, 5, 7, 1, 3, 9, 1, 3, 11]
[0, 5, 7, 1, 5, 10, 1, 11]
[0, 1, 3, 2, 5, 8, 7, 1, 3, 11]
[0, 1, 2, 5, 8, 7, 5, 1, 11]
[0, 1, 5, 9, 1, 10, 7, 1, 11]
[0, 7, 1, 3, 9, 1, 10, 3, 1, 11]
[0, 1, 3, 9, 1, 10, 7, 1, 3, 11]
[0, 3, 1, 7, 5, 8, 7, 10, 1, 11]
[0, 1, 7, 5, 8, 7, 10, 1, 3, 11]
[0, 1, 7, 5, 2, 6, 5, 2, 1, 11]
[0, 1, 3, 2, 5, 7, 10, 1, 2, 11]
[0, 1, 5, 7, 1, 2, 5, 1, 11]
[0, 1, 7, 5, 1, 7, 10, 1, 7, 2, 11]
[0, 2, 1, 3, 9, 1, 10, 7, 1, 2, 11]
[0, 2, 5, 1, 3, 9, 1, 3, 11]
[0, 3, 1, 5, 7, 1, 10, 7, 1, 11]
[0, 2, 1, 3, 9, 1, 10, 3, 1, 11]
[0, 5, 7, 1, 3, 9, 10, 1, 11]
[0, 1, 3, 2, 5, 8, 7, 10, 1, 11]
[0, 1, 3, 7, 1, 9, 3, 4, 1, 11]
[0, 7, 1, 3, 9, 1, 3, 4, 1, 11]
[0, 1, 2, 5, 1, 2, 5, 1, 11]
[0, 1, 2, 5, 7, 1, 10, 7, 1, 2, 11]
[0, 5, 3, 1, 9, 3, 4, 11]
[0, 3, 1, 5, 8, 10, 1, 3, 11]
[0, 1, 3, 2, 5, 7, 1, 5, 11]
[0, 1, 2, 5, 7, 1, 10, 3, 1, 11]
[0, 2, 5, 1, 3, 9, 10, 1, 11]
[0, 1, 3, 2, 5, 6, 10, 1, 3, 11]
[0, 1, 3, 5, 1, 10, 3, 1, 11]
[0, 1, 3, 2, 5, 8, 10, 1, 2, 11]
[0, 2, 1, 3, 9, 1, 3, 4, 1, 11]
[0, 1, 2, 5, 6, 1, 4, 3, 1, 11]
[0, 3, 1, 5, 7, 8, 5, 1, 11]
[0, 5, 7, 1, 3, 9, 1, 4, 11]
[0, 2, 5, 1, 3, 2, 5, 1, 11]
[0, 2, 1, 7, 5, 6, 2, 5, 7, 1, 11]
[0, 1, 2, 5, 7, 1, 5, 7, 1, 11]
[0, 1, 2, 5, 1, 10, 3, 1, 2, 11]
[0, 1, 3, 2, 5, 7, 10, 1, 3, 11]
[0, 1, 2, 5, 7, 10, 1, 5, 11]
[0, 1, 2, 5, 8, 7, 5, 2, 1, 11]
[0, 1, 2, 5, 7, 1, 3, 4, 1, 11]
[0, 2, 1, 3, 9, 1, 10, 7, 1, 3, 11]
[0, 5, 7, 1, 3, 9, 1, 10, 7, 11]
[0, 2, 5, 1, 3, 9, 1, 4, 11]
[0, 5, 1, 3, 9, 1, 4, 2, 11]
[0, 1, 5, 9, 1, 10, 3, 1, 11]
[0, 2, 3, 1, 8, 5, 2, 4, 1, 11]
[0, 1, 2, 5, 8, 2, 4, 3, 1, 11]
[0, 2, 1, 8, 5, 2, 4, 3, 1, 11]
[0, 1, 3, 9, 1, 10, 5, 1, 11]
[0, 1, 2, 5, 7, 1, 2, 5, 1, 11]
[0, 3, 1, 5, 8, 7, 10, 1, 3, 11]
[0, 1, 3, 2, 5, 6, 2, 5, 1, 11]
[0, 1, 2, 5, 1, 10, 5, 2, 11]
[0, 1, 2, 5, 7, 1, 10, 7, 1, 3, 11]
[0, 1, 2, 5, 1, 2, 4, 3, 1, 11]
[0, 5, 7, 1, 5, 6, 2, 5, 11]
[0, 1, 3, 2, 5, 8, 7, 5, 2, 11]
[0, 1, 7, 5, 2, 6, 5, 2, 4, 11]
[0, 2, 5, 1, 3, 9, 10, 7, 1, 11]
[0, 5, 2, 3, 9, 1, 10, 7, 1, 11]
[0, 3, 1, 5, 7, 1, 10, 3, 1, 11]
[0, 1, 3, 2, 5, 8, 7, 10, 1, 2, 11]
[0, 1, 2, 5, 8, 7, 10, 1, 3, 2, 11]
[0, 2, 7, 1, 3, 9, 1, 4, 3, 1, 11]
[0, 1, 7, 5, 2, 6, 1, 4, 3, 1, 11]
[0, 3, 1, 5, 7, 8, 5, 7, 1, 11]
[0, 5, 1, 3, 9, 10, 1, 3, 11]
[0, 1, 3, 2, 5, 8, 10, 1, 3, 11]
[0, 1, 2, 5, 8, 10, 1, 5, 11]
[0, 1, 5, 9, 1, 3, 4, 1, 11]
[0, 3, 1, 5, 6, 1, 4, 3, 1, 11]
[0, 3, 1, 5, 8, 7, 10, 5, 11]
[0, 1, 2, 5, 7, 1, 10, 7, 5, 11]
[0, 2, 5, 1, 3, 9, 10, 1, 2, 11]
[0, 1, 2, 5, 1, 10, 5, 1, 11]
[0, 5, 7, 1, 3, 9, 1, 5, 11]
[0, 1, 3, 5, 1, 10, 7, 5, 11]
[0, 5, 1, 3, 9, 1, 10, 7, 1, 11]
[0, 1, 3, 9, 1, 10, 7, 5, 1, 11]
[0, 3, 1, 7, 5, 8, 7, 10, 1, 3, 11]
[0, 5, 1, 3, 9, 1, 3, 4, 11]
[0, 1, 3, 2, 5, 6, 2, 5, 7, 1, 11]
[0, 1, 2, 5, 1, 10, 7, 5, 2, 11]
[0, 1, 5, 7, 1, 5, 2, 3, 1, 11]
[0, 1, 2, 5, 7, 10, 1, 5, 2, 11]
[0, 2, 5, 1, 3, 9, 1, 5, 11]
[0, 2, 5, 1, 3, 9, 1, 4, 2, 11]
[0, 1, 5, 2, 6, 5, 2, 4, 1, 11]
[0, 1, 5, 2, 3, 1, 4, 3, 1, 11]
[0, 2, 1, 3, 9, 1, 10, 5, 1, 11]
[0, 5, 7, 1, 3, 9, 10, 1, 3, 11]
[0, 1, 3, 2, 5, 8, 7, 10, 1, 3, 11]
[0, 1, 2, 5, 8, 7, 10, 1, 5, 11]
[0, 1, 5, 7, 9, 1, 4, 3, 1, 11]
[0, 3, 1, 7, 5, 6, 1, 4, 3, 1, 11]
[0, 3, 1, 7, 5, 8, 7, 10, 5, 11]
[0, 3, 1, 5, 8, 10, 1, 5, 11]
[0, 5, 2, 3, 1, 10, 7, 5, 2, 11]
[0, 1, 2, 5, 1, 10, 7, 5, 1, 11]
[0, 5, 7, 1, 3, 9, 1, 7, 5, 11]
[0, 5, 7, 1, 3, 9, 1, 10, 7, 1, 11]
[0, 1, 3, 2, 5, 6, 1, 4, 3, 1, 11]
[0, 5, 7, 1, 3, 9, 10, 5, 11]
[0, 5, 7, 1, 3, 9, 1, 3, 4, 11]
[0, 1, 5, 7, 8, 5, 2, 4, 1, 11]
[0, 1, 2, 5, 7, 1, 10, 7, 5, 2, 11]
[0, 2, 5, 7, 1, 9, 3, 1, 5, 11]
[0, 5, 7, 1, 5, 6, 2, 5, 1, 11]
[0, 1, 3, 2, 5, 7, 10, 1, 5, 11]
[0, 1, 7, 5, 2, 6, 5, 2, 4, 1, 11]
[0, 2, 1, 3, 9, 1, 10, 7, 5, 1, 11]
[0, 5, 3, 1, 9, 3, 1, 5, 11]
[0, 5, 1, 3, 9, 1, 10, 3, 1, 11]
[0, 3, 1, 5, 8, 7, 10, 1, 5, 11]
[0, 2, 5, 1, 3, 9, 1, 5, 2, 11]
[0, 1, 3, 2, 5, 6, 2, 5, 1, 3, 11]
[0, 1, 2, 5, 7, 1, 10, 7, 5, 1, 11]
[0, 2, 5, 7, 1, 9, 10, 1, 5, 11]
[0, 1, 5, 7, 1, 3, 10, 1, 5, 11]
[0, 1, 3, 2, 5, 8, 7, 10, 1, 3, 2, 11]
[0, 1, 2, 5, 8, 7, 10, 1, 5, 2, 11]
[0, 5, 7, 1, 3, 9, 1, 4, 2, 1, 11]
[0, 5, 7, 1, 3, 9, 10, 7, 5, 11]
[0, 5, 1, 3, 9, 1, 10, 5, 11]
[0, 1, 3, 2, 5, 8, 10, 1, 5, 11]
[0, 5, 1, 3, 9, 1, 3, 4, 1, 11]
[0, 2, 5, 7, 1, 9, 3, 1, 7, 5, 11]
[0, 5, 7, 1, 5, 6, 2, 5, 7, 1, 11]
[0, 1, 3, 2, 5, 7, 10, 1, 7, 5, 11]
[0, 5, 2, 1, 5, 2, 4, 3, 1, 11]
[0, 2, 5, 1, 9, 10, 1, 5, 2, 11]
[0, 5, 7, 1, 3, 9, 1, 10, 7, 1, 2, 11]
[0, 2, 5, 1, 3, 9, 10, 7, 5, 11]
[0, 5, 2, 3, 9, 1, 10, 7, 5, 11]
[0, 5, 7, 1, 3, 9, 1, 10, 3, 1, 11]
[0, 3, 1, 7, 5, 8, 7, 10, 1, 5, 11]
[0, 2, 5, 7, 1, 9, 3, 1, 5, 2, 11]
[0, 1, 3, 2, 5, 7, 10, 1, 5, 2, 11]
[0, 2, 5, 1, 3, 9, 1, 3, 5, 11]
[0, 5, 7, 1, 3, 9, 1, 5, 7, 1, 11]
[0, 1, 5, 2, 6, 5, 2, 4, 3, 1, 11]
[0, 5, 7, 1, 3, 9, 1, 10, 5, 11]
[0, 5, 1, 3, 9, 1, 10, 7, 5, 11]
[0, 1, 3, 2, 5, 8, 7, 10, 1, 5, 11]
[0, 5, 7, 1, 3, 9, 1, 3, 4, 1, 11]
[0, 2, 5, 1, 3, 9, 1, 5, 7, 1, 11]
[0, 8, 11]
[0, 7, 8, 11]
[0, 9, 11]
[0, 6, 10, 11]
[0, 2, 8, 7, 11]
[0, 7, 9, 11]
[0, 6, 4, 11]
[0, 2, 9, 11]
[0, 6, 10, 7, 11]
[0, 8, 10, 11]
[0, 1, 9, 11]
[0, 2, 7, 9, 11]
[0, 8, 4, 11]
[0, 3, 9, 11]
[0, 8, 7, 10, 11]
[0, 7, 1, 9, 11]
[0, 7, 9, 1, 11]
[0, 9, 10, 11]
[0, 7, 8, 4, 11]
[0, 7, 3, 9, 11]
[0, 7, 9, 3, 11]
[0, 5, 8, 11]
[0, 7, 8, 10, 7, 11]
[0, 9, 4, 11]
[0, 2, 3, 9, 11]
[0, 7, 9, 10, 11]
[0, 9, 10, 7, 11]
[0, 3, 8, 10, 11]
[0, 8, 10, 3, 11]
[0, 1, 3, 9, 11]
[0, 3, 9, 1, 11]
[0, 2, 9, 10, 11]
[0, 5, 7, 8, 11]
[0, 5, 8, 7, 11]
[0, 7, 8, 5, 11]
[0, 8, 7, 10, 1, 11]
[0, 7, 9, 4, 11]
[0, 2, 3, 9, 7, 11]
[0, 8, 4, 3, 11]
[0, 5, 9, 11]
[0, 1, 9, 10, 11]
[0, 7, 9, 10, 7, 11]
[0, 3, 8, 7, 10, 11]
[0, 8, 7, 10, 3, 11]
[0, 2, 7, 9, 10, 11]
[0, 2, 9, 10, 7, 11]
[0, 7, 5, 8, 7, 11]
[0, 3, 9, 10, 11]
[0, 2, 9, 10, 2, 11]
[0, 2, 5, 8, 7, 11]
[0, 5, 7, 9, 11]
[0, 7, 1, 9, 10, 11]
[0, 1, 9, 10, 7, 11]
[0, 3, 7, 8, 10, 7, 11]
[0, 9, 3, 4, 11]
[0, 2, 1, 9, 10, 11]
[0, 2, 7, 9, 10, 7, 11]
[0, 7, 3, 9, 10, 11]
[0, 3, 9, 10, 7, 11]
[0, 5, 8, 10, 11]
[0, 2, 3, 9, 10, 11]
[0, 7, 9, 3, 4, 11]
[0, 2, 1, 9, 10, 7, 11]
[0, 5, 8, 4, 11]
[0, 8, 5, 4, 11]
[0, 5, 3, 9, 11]
[0, 5, 9, 3, 11]
[0, 1, 3, 9, 10, 11]
[0, 3, 9, 10, 1, 11]
[0, 7, 3, 9, 10, 7, 11]
[0, 9, 3, 4, 2, 11]
[0, 5, 8, 7, 10, 11]
[0, 2, 7, 3, 9, 10, 11]
[0, 2, 3, 9, 10, 7, 11]
[0, 5, 9, 10, 11]
[0, 3, 9, 10, 3, 11]
[0, 9, 10, 5, 11]
[0, 5, 7, 8, 4, 11]
[0, 7, 8, 5, 4, 11]
[0, 5, 7, 3, 9, 11]
[0, 5, 7, 9, 3, 11]
[0, 7, 1, 3, 9, 10, 11]
[0, 1, 3, 9, 10, 7, 11]
[0, 7, 9, 3, 4, 2, 11]
[0, 7, 5, 8, 7, 10, 11]
[0, 2, 1, 3, 9, 10, 11]
[0, 2, 3, 9, 10, 1, 11]
[0, 2, 7, 3, 9, 10, 7, 11]
[0, 2, 9, 3, 4, 2, 11]
[0, 5, 7, 9, 10, 11]
[0, 9, 10, 7, 5, 11]
[0, 5, 8, 10, 3, 11]
[0, 2, 5, 9, 10, 11]
[0, 9, 10, 5, 2, 11]
[0, 5, 7, 8, 5, 11]
[0, 5, 8, 7, 10, 1, 11]
[0, 5, 7, 9, 4, 11]
[0, 2, 1, 3, 9, 10, 7, 11]
[0, 2, 3, 9, 1, 10, 7, 11]
[0, 2, 7, 9, 3, 4, 2, 11]
[0, 5, 1, 9, 10, 11]
[0, 5, 7, 9, 10, 7, 11]
[0, 3, 5, 8, 7, 10, 11]
[0, 5, 8, 7, 10, 3, 11]
[0, 2, 5, 7, 9, 10, 11]
[0, 2, 9, 10, 7, 5, 11]
[0, 9, 10, 7, 5, 2, 11]
[0, 5, 3, 9, 10, 11]
[0, 3, 9, 10, 5, 11]
[0, 7, 8, 5, 4, 3, 11]
[0, 5, 7, 1, 9, 10, 11]
[0, 1, 9, 10, 7, 5, 11]
[0, 3, 7, 5, 8, 7, 10, 11]
[0, 5, 9, 3, 4, 11]
[0, 9, 3, 4, 5, 11]
[0, 2, 5, 7, 9, 10, 7, 11]
[0, 5, 7, 3, 9, 10, 11]
[0, 5, 3, 9, 10, 7, 11]
[0, 3, 9, 10, 7, 5, 11]
[0, 5, 8, 10, 5, 11]
[0, 5, 2, 3, 9, 10, 11]
[0, 3, 9, 10, 5, 2, 11]
[0, 5, 7, 9, 3, 4, 11]
[0, 1, 9, 10, 7, 5, 2, 11]
[0, 5, 7, 3, 9, 10, 7, 11]
[0, 5, 8, 7, 10, 5, 11]
[0, 5, 2, 3, 9, 10, 7, 11]
[0, 2, 3, 9, 10, 7, 5, 11]
[0, 3, 9, 10, 7, 5, 2, 11]
[0, 5, 3, 9, 10, 3, 11]
[0, 5, 9, 10, 5, 11]
[0, 5, 7, 8, 5, 4, 11]
[0, 2, 5, 7, 9, 3, 4, 11]
[0, 1, 3, 9, 10, 7, 5, 11]
[0, 5, 7, 9, 3, 4, 2, 11]
[0, 7, 5, 8, 7, 10, 5, 11]
[0, 5, 7, 8, 10, 7, 5, 11]
[0, 7, 3, 9, 10, 7, 5, 2, 11]
[0, 5, 7, 3, 9, 10, 3, 11]
[0, 5, 7, 9, 10, 5, 11]
[0, 5, 9, 10, 7, 5, 11]
[0, 2, 3, 9, 10, 7, 5, 2, 11]
[0, 5, 7, 8, 5, 2, 4, 11]
[0, 5, 7, 9, 10, 7, 5, 11]
[0, 2, 5, 9, 10, 7, 5, 11]
[0, 5, 3, 9, 10, 5, 11]
[0, 2, 5, 7, 9, 10, 7, 5, 11]
[0, 5, 7, 3, 9, 10, 5, 11]
[0, 5, 3, 9, 10, 7, 5, 11]
[0, 5, 7, 3, 9, 10, 7, 5, 11]
[0, 6, 2, 4, 11]
[0, 8, 2, 4, 11]
[0, 1, 9, 4, 11]
[0, 1, 9, 4, 2, 11]
[0, 1, 9, 3, 4, 11]
[0, 5, 8, 2, 4, 11]
[0, 8, 5, 2, 4, 11]
[0, 1, 9, 3, 4, 2, 11]
[0, 7, 8, 5, 2, 4, 11]
