r204
[0, 4, 3, 5, 2, 1, 6]
[0, 1, 6]
[0, 1, 2, 6]
[0, 1, 3, 6]
[0, 1, 4, 6]
[0, 2, 3, 1, 6]
[0, 1, 5, 6]
[0, 2, 3, 1, 2, 6]
[0, 1, 2, 3, 1, 6]
[0, 1, 3, 4, 6]
[0, 2, 5, 1, 6]
[0, 1, 2, 4, 1, 6]
[0, 1, 2, 3, 1, 2, 6]
[0, 5, 1, 3, 6]
[0, 2, 5, 1, 2, 6]
[0, 1, 3, 4, 1, 6]
[0, 1, 2, 5, 1, 6]
[0, 5, 1, 4, 6]
[0, 5, 4, 1, 6]
[0, 1, 4, 5, 6]
[0, 1, 3, 2, 5, 6]
[0, 1, 3, 5, 1, 6]
[0, 1, 2, 5, 1, 2, 6]
[0, 4, 1, 3, 4, 6]
[0, 3, 5, 1, 3, 6]
[0, 1, 5, 2, 4, 6]
[0, 5, 2, 4, 1, 6]
[0, 1, 4, 2, 5, 6]
[0, 2, 5, 1, 3, 2, 6]
[0, 1, 5, 4, 1, 6]
[0, 3, 1, 4, 3, 1, 6]
[0, 1, 3, 4, 1, 3, 6]
[0, 1, 5, 2, 3, 1, 6]
[0, 2, 3, 1, 2, 3, 1, 2, 6]
[0, 5, 1, 3, 4, 6]
[0, 5, 4, 3, 1, 6]
[0, 1, 3, 4, 5, 6]
[0, 5, 1, 2, 5, 6]
[0, 1, 2, 3, 1, 2, 3, 1, 6]
[0, 1, 4, 3, 1, 4, 6]
[0, 4, 1, 3, 4, 1, 6]
[0, 1, 3, 5, 1, 3, 6]
[0, 1, 5, 2, 4, 1, 6]
[0, 2, 5, 1, 2, 3, 1, 6]
[0, 3, 4, 1, 3, 4, 6]
[0, 2, 6]
[0, 3, 6]
[0, 4, 6]
[0, 2, 3, 6]
[0, 5, 6]
[0, 2, 4, 6]
[0, 3, 4, 6]
[0, 2, 5, 6]
[0, 3, 5, 6]
[0, 3, 2, 4, 6]
[0, 3, 4, 2, 6]
[0, 5, 4, 6]
[0, 4, 5, 6]
[0, 5, 2, 3, 6]
[0, 2, 3, 4, 2, 6]
[0, 5, 2, 4, 6]
[0, 2, 3, 5, 2, 6]
[0, 5, 3, 4, 6]
[0, 5, 4, 3, 6]
[0, 3, 4, 5, 6]
[0, 4, 2, 3, 4, 6]
[0, 3, 5, 2, 3, 6]
[0, 2, 5, 4, 2, 6]
[0, 2, 4, 5, 2, 6]
[0, 5, 2, 3, 4, 6]
[0, 5, 3, 4, 2, 6]
[0, 5, 2, 4, 3, 6]
[0, 3, 4, 2, 5, 6]
[0, 2, 4, 3, 2, 4, 6]
[0, 4, 2, 3, 4, 2, 6]
[0, 2, 3, 5, 2, 3, 6]
[0, 2, 4, 1, 3, 4, 6]
[0, 2, 5, 1, 2, 4, 6]
[0, 2, 5, 1, 4, 2, 6]
[0, 3, 5, 4, 3, 6]
[0, 3, 4, 2, 3, 4, 6]
[0, 4, 5, 2, 4, 6]
[0, 5, 2, 3, 5, 6]
[0, 2, 3, 5, 2, 4, 6]
[0, 5, 2, 3, 4, 2, 6]
[0, 2, 3, 4, 2, 5, 6]
[0, 1, 3, 4, 2, 6]
[0, 1, 3, 2, 4, 3, 1, 6]
[0, 1, 3, 4, 2, 3, 1, 6]
