rc101
[0, 5, 2, 7, 8]
[0, 3, 6, 8]
[0, 4, 1, 8]
[0, 3, 8]
[0, 1, 8]
[0, 2, 8]
[0, 3, 1, 8]
[0, 2, 3, 8]
[0, 5, 2, 8]
[0, 2, 5, 8]
[0, 2, 7, 8]
[0, 2, 6, 8]
[0, 2, 1, 8]
[0, 2, 5, 3, 8]
[0, 2, 3, 1, 8]
[0, 2, 5, 7, 8]
[0, 2, 7, 6, 8]
[0, 2, 6, 7, 8]
[0, 2, 4, 8]
[0, 2, 5, 1, 8]
[0, 2, 7, 6, 3, 8]
[0, 2, 6, 7, 3, 8]
[0, 2, 5, 3, 6, 8]
[0, 2, 3, 4, 8]
[0, 2, 5, 3, 1, 8]
[0, 2, 5, 7, 6, 8]
[0, 2, 6, 4, 8]
[0, 2, 6, 7, 1, 8]
[0, 2, 4, 1, 8]
[0, 2, 5, 7, 6, 3, 8]
[0, 2, 5, 6, 7, 3, 8]
[0, 2, 6, 7, 3, 6, 8]
[0, 2, 5, 3, 4, 8]
[0, 2, 6, 7, 3, 1, 8]
[0, 2, 3, 4, 1, 8]
[0, 2, 3, 1, 4, 8]
[0, 2, 6, 7, 4, 8]
[0, 2, 5, 7, 6, 1, 8]
[0, 2, 6, 4, 1, 8]
[0, 2, 5, 6, 7, 3, 6, 8]
[0, 2, 6, 7, 3, 4, 8]
[0, 2, 5, 6, 7, 3, 1, 8]
[0, 2, 5, 3, 4, 1, 8]
[0, 2, 5, 3, 1, 4, 8]
[0, 2, 6, 7, 4, 1, 8]
[0, 2, 6, 7, 3, 6, 4, 8]
[0, 2, 5, 6, 7, 3, 6, 1, 8]
[0, 2, 6, 7, 3, 4, 1, 8]
[0, 2, 6, 7, 3, 1, 4, 8]
[0, 2, 5, 7, 6, 4, 1, 8]
[0, 5, 8]
[0, 7, 8]
[0, 7, 3, 8]
[0, 5, 7, 8]
[0, 5, 7, 3, 8]
[0, 5, 7, 6, 8]
[0, 5, 7, 6, 3, 8]
[0, 5, 6, 7, 3, 8]
[0, 7, 3, 4, 8]
[0, 5, 7, 3, 1, 8]
[0, 2, 5, 7, 3, 8]
[0, 5, 7, 4, 8]
[0, 5, 6, 7, 3, 6, 8]
[0, 5, 7, 3, 4, 8]
[0, 5, 7, 6, 4, 8]
[0, 5, 6, 7, 3, 4, 8]
[0, 2, 5, 7, 3, 4, 8]
[0, 5, 7, 6, 4, 1, 8]
[0, 5, 6, 7, 3, 6, 4, 8]
[0, 5, 6, 7, 3, 4, 1, 8]
[0, 5, 6, 7, 3, 1, 4, 8]
[0, 2, 5, 6, 7, 3, 4, 8]
[0, 5, 6, 7, 3, 6, 4, 1, 8]
[0, 2, 5, 7, 3, 4, 1, 8]
[0, 2, 5, 7, 3, 1, 4, 8]
