rc101
[0, 5, 2, 9, 11]
[0, 3, 8, 6, 11]
[0, 4, 1, 11]
[0, 7, 11]
[0, 10, 11]
[0, 3, 11]
[0, 1, 11]
[0, 2, 11]
[0, 7, 3, 11]
[0, 3, 1, 11]
[0, 2, 8, 11]
[0, 2, 3, 11]
[0, 5, 2, 11]
[0, 2, 5, 11]
[0, 2, 7, 11]
[0, 2, 8, 3, 11]
[0, 7, 3, 1, 11]
[0, 2, 7, 8, 11]
[0, 2, 8, 7, 11]
[0, 2, 7, 3, 11]
[0, 2, 3, 1, 11]
[0, 2, 5, 7, 11]
[0, 2, 7, 6, 11]
[0, 2, 6, 7, 11]
[0, 2, 7, 8, 3, 11]
[0, 2, 8, 3, 1, 11]
[0, 2, 7, 8, 6, 11]
[0, 2, 8, 7, 6, 11]
[0, 2, 6, 8, 7, 11]
[0, 2, 7, 6, 3, 11]
[0, 2, 6, 7, 3, 11]
[0, 2, 7, 3, 1, 11]
[0, 2, 5, 7, 6, 11]
[0, 2, 7, 8, 6, 3, 11]
[0, 2, 7, 6, 8, 3, 11]
[0, 2, 6, 7, 8, 3, 11]
[0, 2, 7, 8, 3, 1, 11]
[0, 2, 5, 7, 8, 6, 11]
[0, 2, 5, 8, 7, 6, 11]
[0, 2, 7, 8, 6, 7, 11]
[0, 2, 8, 6, 7, 8, 3, 11]
[0, 2, 6, 7, 3, 6, 11]
[0, 2, 7, 3, 8, 6, 3, 11]
[0, 2, 6, 7, 3, 1, 11]
[0, 2, 7, 8, 6, 7, 8, 11]
[0, 2, 5, 8, 7, 6, 3, 11]
[0, 2, 7, 8, 6, 7, 3, 11]
[0, 2, 6, 7, 8, 3, 1, 11]
[0, 2, 5, 7, 8, 6, 7, 11]
[0, 2, 7, 8, 6, 7, 8, 3, 11]
[0, 2, 7, 6, 3, 8, 6, 3, 11]
[0, 2, 7, 3, 8, 6, 3, 1, 11]
[0, 2, 7, 8, 6, 7, 8, 6, 11]
[0, 2, 5, 7, 8, 6, 7, 3, 11]
[0, 2, 7, 8, 6, 7, 3, 6, 11]
[0, 2, 7, 8, 6, 7, 3, 1, 11]
[0, 2, 5, 7, 8, 6, 7, 8, 3, 11]
[0, 2, 7, 8, 6, 7, 8, 6, 3, 11]
[0, 2, 7, 3, 8, 6, 3, 4, 11]
[0, 2, 7, 6, 3, 8, 6, 3, 1, 11]
[0, 2, 5, 7, 8, 6, 7, 8, 6, 11]
[0, 2, 5, 7, 8, 6, 7, 3, 6, 11]
[0, 2, 7, 8, 6, 7, 3, 4, 11]
[0, 2, 7, 8, 6, 3, 8, 6, 3, 1, 11]
[0, 2, 5, 7, 8, 6, 7, 8, 6, 3, 11]
[0, 2, 7, 6, 3, 8, 6, 3, 4, 11]
[0, 2, 7, 8, 6, 7, 8, 6, 3, 1, 11]
[0, 2, 7, 3, 8, 6, 3, 4, 1, 11]
[0, 2, 7, 3, 8, 6, 3, 1, 4, 11]
[0, 2, 7, 8, 6, 3, 8, 6, 3, 4, 11]
[0, 2, 5, 7, 8, 6, 3, 8, 6, 3, 1, 11]
[0, 2, 7, 8, 6, 7, 3, 4, 1, 11]
[0, 2, 7, 8, 6, 7, 3, 1, 4, 11]
[0, 2, 7, 8, 6, 7, 8, 6, 3, 4, 11]
[0, 2, 5, 7, 8, 6, 7, 8, 6, 3, 1, 11]
[0, 2, 7, 6, 3, 8, 6, 3, 4, 1, 11]
[0, 2, 7, 6, 3, 8, 6, 3, 1, 4, 11]
[0, 2, 5, 7, 8, 6, 3, 8, 6, 3, 4, 11]
[0, 2, 7, 8, 6, 3, 8, 6, 3, 4, 1, 11]
[0, 2, 7, 8, 6, 3, 8, 6, 3, 1, 4, 11]
[0, 9, 11]
[0, 8, 6, 11]
[0, 6, 8, 11]
[0, 5, 9, 11]
[0, 7, 9, 11]
[0, 2, 9, 11]
[0, 7, 8, 6, 11]
[0, 9, 10, 11]
[0, 5, 7, 6, 11]
[0, 5, 7, 9, 11]
[0, 9, 4, 11]
[0, 5, 7, 8, 6, 11]
[0, 5, 8, 7, 6, 11]
[0, 7, 8, 6, 7, 11]
[0, 6, 7, 8, 6, 11]
[0, 5, 9, 10, 11]
[0, 7, 9, 10, 11]
[0, 8, 6, 7, 8, 6, 11]
[0, 5, 9, 4, 11]
[0, 9, 4, 1, 11]
[0, 7, 9, 4, 11]
[0, 5, 7, 8, 6, 7, 11]
[0, 5, 6, 7, 8, 6, 11]
[0, 5, 7, 9, 10, 11]
[0, 9, 10, 4, 11]
[0, 7, 8, 6, 7, 8, 6, 11]
[0, 5, 9, 4, 1, 11]
[0, 5, 7, 9, 4, 11]
[0, 7, 9, 4, 1, 11]
[0, 5, 7, 8, 6, 7, 8, 3, 11]
[0, 5, 7, 8, 6, 3, 8, 6, 11]
[0, 7, 8, 6, 7, 8, 6, 3, 11]
[0, 6, 7, 8, 6, 4, 11]
[0, 5, 9, 10, 4, 11]
[0, 7, 9, 10, 4, 11]
[0, 5, 7, 8, 6, 7, 8, 6, 11]
[0, 6, 8, 7, 6, 8, 4, 11]
[0, 5, 7, 9, 4, 1, 11]
[0, 5, 7, 8, 6, 7, 8, 6, 3, 11]
[0, 6, 8, 7, 6, 8, 3, 4, 11]
[0, 7, 8, 6, 7, 8, 6, 10, 11]
[0, 5, 7, 9, 10, 4, 11]
[0, 7, 9, 10, 4, 1, 11]
[0, 7, 8, 6, 7, 8, 6, 4, 11]
[0, 7, 8, 6, 7, 8, 6, 3, 4, 11]
[0, 5, 7, 9, 10, 4, 1, 11]
[0, 5, 7, 8, 6, 7, 8, 6, 4, 11]
[0, 7, 8, 6, 7, 8, 6, 4, 1, 11]
[0, 5, 7, 8, 6, 7, 8, 6, 3, 4, 11]
[0, 7, 8, 6, 7, 8, 6, 3, 4, 1, 11]
[0, 7, 8, 6, 7, 8, 6, 3, 1, 4, 11]
[0, 5, 7, 8, 6, 7, 8, 6, 4, 1, 11]
[0, 5, 7, 8, 6, 7, 8, 6, 3, 4, 1, 11]
[0, 5, 7, 8, 6, 7, 8, 6, 3, 1, 4, 11]
[0, 5, 3, 1, 11]
[0, 2, 5, 8, 11]
[0, 2, 5, 3, 11]
[0, 2, 5, 8, 3, 11]
[0, 2, 5, 3, 8, 11]
[0, 2, 5, 1, 11]
[0, 2, 5, 8, 6, 11]
[0, 2, 5, 10, 11]
[0, 2, 5, 3, 1, 11]
[0, 2, 5, 3, 8, 6, 11]
[0, 2, 5, 8, 10, 11]
[0, 2, 5, 4, 11]
[0, 2, 5, 9, 10, 11]
[0, 2, 5, 6, 10, 11]
[0, 2, 5, 3, 4, 11]
[0, 2, 5, 8, 7, 10, 11]
[0, 2, 5, 8, 6, 10, 11]
[0, 2, 5, 3, 8, 4, 11]
[0, 2, 5, 4, 1, 11]
[0, 2, 5, 1, 4, 11]
[0, 2, 5, 7, 9, 10, 11]
[0, 2, 5, 6, 7, 10, 11]
[0, 2, 5, 8, 6, 4, 11]
[0, 2, 5, 3, 4, 1, 11]
[0, 2, 5, 3, 1, 4, 11]
[0, 2, 5, 7, 8, 6, 10, 11]
[0, 2, 5, 8, 6, 7, 10, 11]
[0, 2, 5, 3, 8, 6, 4, 11]
[0, 2, 5, 3, 8, 4, 1, 11]
[0, 2, 5, 3, 8, 6, 3, 4, 11]
[0, 2, 5, 8, 6, 4, 1, 11]
[0, 2, 5, 7, 8, 6, 7, 10, 11]
[0, 2, 5, 8, 6, 7, 8, 4, 11]
[0, 2, 5, 3, 8, 6, 4, 1, 11]
[0, 2, 5, 8, 6, 7, 8, 3, 4, 11]
[0, 2, 5, 3, 8, 6, 3, 4, 1, 11]
[0, 2, 5, 3, 8, 6, 3, 1, 4, 11]
[0, 2, 5, 8, 6, 7, 8, 6, 4, 11]
[0, 2, 5, 8, 6, 7, 8, 4, 1, 11]
[0, 2, 5, 8, 6, 7, 8, 6, 3, 4, 11]
[0, 2, 5, 8, 6, 7, 8, 3, 4, 1, 11]
[0, 2, 5, 8, 6, 7, 8, 3, 1, 4, 11]
[0, 2, 5, 7, 8, 6, 7, 8, 6, 4, 11]
[0, 2, 5, 8, 6, 7, 8, 6, 4, 1, 11]
[0, 2, 5, 3, 6, 4, 1, 11]
[0, 2, 5, 6, 7, 8, 6, 10, 11]
[0, 2, 5, 7, 6, 4, 1, 11]
[0, 2, 5, 6, 7, 3, 6, 4, 11]
[0, 2, 5, 6, 7, 3, 4, 1, 11]
[0, 2, 5, 6, 7, 3, 1, 4, 11]
[0, 2, 5, 6, 7, 8, 6, 3, 4, 11]
[0, 2, 5, 8, 7, 6, 3, 1, 4, 11]
[0, 2, 5, 7, 8, 6, 7, 8, 6, 10, 11]
[0, 2, 5, 6, 7, 3, 6, 4, 1, 11]
[0, 2, 5, 7, 8, 6, 7, 3, 6, 4, 11]
[0, 2, 5, 6, 7, 8, 6, 3, 4, 1, 11]
[0, 2, 5, 6, 7, 8, 6, 3, 1, 4, 11]
[0, 2, 7, 8, 6, 7, 8, 3, 1, 4, 11]
[0, 2, 5, 7, 8, 6, 7, 3, 1, 4, 11]
