rc101
[0, 18, 21, 22, 10, 26]
[0, 23, 9, 1, 4, 26]
[0, 20, 24, 25, 26]
[0, 16, 15, 6, 26]
[0, 5, 2, 7, 26]
[0, 13, 17, 26]
[0, 19, 26]
[0, 3, 8, 26]
[0, 14, 26]
[0, 11, 12, 26]
[0, 3, 26]
[0, 20, 26]
[0, 6, 26]
[0, 14, 13, 26]
[0, 1, 26]
[0, 2, 26]
[0, 14, 6, 26]
[0, 6, 3, 26]
[0, 3, 6, 26]
[0, 3, 1, 26]
[0, 11, 26]
[0, 14, 2, 26]
[0, 14, 8, 6, 26]
[0, 14, 6, 3, 26]
[0, 14, 3, 1, 26]
[0, 5, 2, 26]
[0, 14, 11, 26]
[0, 2, 6, 26]
[0, 14, 8, 6, 3, 26]
[0, 14, 6, 8, 3, 26]
[0, 3, 8, 6, 3, 26]
[0, 14, 10, 13, 26]
[0, 6, 3, 1, 26]
[0, 14, 2, 7, 26]
[0, 14, 2, 6, 26]
[0, 2, 6, 3, 26]
[0, 2, 3, 6, 26]
[0, 6, 8, 3, 6, 26]
[0, 14, 6, 3, 1, 26]
[0, 14, 11, 12, 26]
[0, 14, 12, 11, 26]
[0, 14, 11, 6, 26]
[0, 14, 2, 8, 6, 26]
[0, 14, 2, 6, 3, 26]
[0, 14, 6, 8, 3, 6, 26]
[0, 6, 3, 8, 6, 3, 26]
[0, 3, 8, 6, 3, 1, 26]
[0, 14, 2, 7, 6, 26]
[0, 14, 2, 6, 7, 26]
[0, 14, 6, 7, 8, 6, 26]
[0, 14, 2, 8, 6, 3, 26]
[0, 14, 2, 6, 8, 3, 26]
[0, 14, 6, 7, 3, 6, 26]
[0, 14, 6, 3, 8, 6, 3, 26]
[0, 14, 3, 8, 6, 3, 1, 26]
[0, 14, 15, 11, 12, 26]
[0, 2, 12, 11, 26]
[0, 2, 5, 7, 6, 26]
[0, 14, 11, 12, 6, 26]
[0, 14, 2, 7, 8, 6, 26]
[0, 14, 2, 8, 7, 6, 26]
[0, 14, 2, 6, 8, 7, 26]
[0, 14, 8, 6, 7, 8, 6, 26]
[0, 14, 2, 7, 6, 3, 26]
[0, 14, 2, 6, 7, 3, 26]
[0, 2, 6, 8, 3, 6, 26]
[0, 14, 8, 6, 3, 8, 6, 3, 26]
[0, 6, 3, 8, 6, 3, 1, 26]
[0, 2, 5, 7, 8, 6, 26]
[0, 2, 5, 8, 7, 6, 26]
[0, 2, 7, 8, 6, 7, 26]
[0, 14, 11, 12, 8, 6, 26]
[0, 2, 6, 7, 8, 6, 26]
[0, 14, 2, 6, 8, 3, 6, 26]
[0, 2, 6, 3, 8, 6, 3, 26]
[0, 14, 6, 3, 8, 6, 3, 1, 26]
[0, 14, 11, 15, 16, 12, 26]
[0, 14, 12, 15, 11, 12, 26]
[0, 14, 16, 15, 11, 12, 26]
[0, 2, 12, 11, 9, 26]
[0, 14, 11, 12, 7, 6, 26]
[0, 14, 2, 7, 8, 6, 7, 26]
[0, 14, 2, 6, 7, 8, 6, 26]
[0, 14, 2, 6, 7, 3, 6, 26]
[0, 14, 2, 6, 3, 8, 6, 3, 26]
[0, 14, 8, 6, 3, 8, 6, 3, 1, 26]
[0, 11, 12, 15, 11, 26]
[0, 11, 15, 16, 11, 26]
[0, 19, 21, 23, 19, 26]
[0, 2, 5, 7, 8, 6, 7, 26]
[0, 14, 11, 12, 7, 8, 6, 26]
[0, 14, 11, 6, 7, 8, 6, 26]
[0, 14, 2, 8, 6, 7, 8, 6, 26]
[0, 14, 2, 7, 6, 8, 3, 6, 26]
[0, 14, 2, 6, 7, 8, 3, 6, 26]
[0, 14, 2, 8, 6, 3, 8, 6, 3, 26]
[0, 2, 6, 3, 8, 6, 3, 1, 26]
[0, 14, 11, 12, 15, 11, 26]
[0, 14, 11, 15, 16, 11, 26]
[0, 14, 15, 11, 12, 7, 6, 26]
[0, 14, 2, 7, 6, 8, 7, 6, 26]
[0, 2, 5, 7, 6, 8, 3, 6, 26]
[0, 14, 11, 12, 6, 8, 3, 6, 26]
[0, 14, 2, 7, 8, 6, 3, 8, 6, 26]
[0, 14, 2, 6, 8, 7, 6, 8, 3, 26]
[0, 14, 2, 7, 6, 3, 8, 6, 3, 26]
[0, 14, 2, 6, 3, 8, 6, 3, 1, 26]
[0, 15, 11, 16, 15, 11, 26]
[0, 11, 12, 15, 11, 12, 26]
[0, 11, 15, 16, 11, 12, 26]
[0, 19, 23, 21, 18, 19, 26]
[0, 2, 5, 7, 6, 8, 7, 6, 26]
[0, 14, 11, 12, 6, 7, 8, 6, 26]
[0, 14, 2, 7, 8, 6, 7, 8, 6, 26]
[0, 14, 11, 12, 6, 7, 3, 6, 26]
[0, 14, 2, 7, 8, 6, 7, 3, 6, 26]
[0, 14, 2, 7, 6, 8, 7, 6, 3, 26]
[0, 14, 2, 7, 8, 6, 3, 8, 6, 3, 26]
[0, 14, 2, 8, 6, 3, 8, 6, 3, 1, 26]
[0, 14, 15, 11, 16, 15, 11, 26]
[0, 14, 11, 12, 15, 11, 12, 26]
[0, 14, 11, 15, 16, 11, 12, 26]
[0, 14, 12, 11, 16, 15, 11, 26]
[0, 2, 5, 7, 8, 6, 7, 8, 6, 26]
[0, 14, 11, 12, 6, 8, 7, 6, 8, 26]
[0, 2, 5, 7, 8, 6, 7, 3, 6, 26]
[0, 14, 11, 12, 6, 7, 8, 3, 6, 26]
[0, 14, 2, 7, 8, 6, 7, 8, 6, 3, 26]
[0, 14, 2, 7, 6, 8, 7, 6, 8, 3, 26]
[0, 2, 5, 7, 8, 6, 3, 8, 6, 3, 26]
[0, 14, 2, 6, 3, 8, 6, 3, 4, 26]
[0, 14, 2, 7, 6, 3, 8, 6, 3, 1, 26]
[0, 15, 11, 16, 15, 11, 12, 26]
[0, 11, 12, 16, 15, 11, 12, 26]
[0, 12, 11, 15, 16, 11, 12, 26]
[0, 23, 21, 19, 23, 21, 19, 26]
[0, 19, 21, 23, 19, 22, 26]
[0, 14, 19, 21, 18, 19, 22, 26]
[0, 14, 15, 11, 12, 6, 7, 8, 6, 26]
[0, 14, 11, 15, 16, 11, 10, 26]
[0, 2, 5, 7, 8, 6, 7, 8, 6, 3, 26]
[0, 2, 5, 7, 6, 8, 7, 6, 8, 3, 26]
[0, 14, 11, 12, 6, 8, 7, 6, 8, 3, 26]
[0, 14, 11, 12, 7, 6, 3, 8, 6, 3, 26]
[0, 14, 2, 8, 6, 3, 8, 6, 3, 4, 26]
[0, 14, 2, 7, 8, 6, 3, 8, 6, 3, 1, 26]
[0, 14, 15, 11, 16, 15, 11, 12, 26]
[0, 14, 12, 11, 16, 15, 11, 12, 26]
[0, 14, 11, 12, 15, 11, 12, 6, 26]
[0, 14, 11, 15, 16, 11, 12, 6, 26]
[0, 14, 15, 11, 12, 6, 7, 8, 6, 3, 26]
[0, 14, 2, 7, 6, 3, 8, 6, 3, 4, 26]
[0, 2, 5, 7, 8, 6, 3, 8, 6, 3, 1, 26]
[0, 14, 2, 6, 3, 8, 6, 3, 4, 1, 26]
[0, 14, 2, 6, 3, 8, 6, 3, 1, 4, 26]
[0, 15, 11, 12, 16, 15, 11, 12, 26]
[0, 11, 12, 15, 16, 12, 11, 9, 26]
[0, 19, 23, 21, 18, 19, 22, 26]
[0, 15, 11, 16, 15, 11, 12, 6, 26]
[0, 14, 12, 11, 16, 15, 11, 10, 26]
[0, 14, 11, 12, 15, 11, 12, 6, 3, 26]
[0, 14, 11, 15, 16, 11, 12, 6, 3, 26]
[0, 14, 2, 7, 8, 6, 3, 8, 6, 3, 4, 26]
[0, 14, 11, 12, 7, 6, 3, 8, 6, 3, 1, 26]
[0, 14, 2, 8, 6, 3, 8, 6, 3, 4, 1, 26]
[0, 14, 2, 8, 6, 3, 8, 6, 3, 1, 4, 26]
[0, 14, 15, 11, 12, 16, 15, 11, 12, 26]
[0, 19, 21, 23, 19, 21, 18, 19, 26]
[0, 14, 15, 11, 16, 15, 11, 12, 6, 26]
[0, 14, 12, 11, 16, 15, 11, 12, 6, 26]
[0, 11, 12, 16, 15, 11, 12, 6, 3, 26]
[0, 12, 11, 15, 16, 11, 12, 6, 3, 26]
[0, 2, 5, 7, 8, 6, 3, 8, 6, 3, 4, 26]
[0, 14, 15, 11, 12, 6, 7, 8, 6, 3, 1, 26]
[0, 14, 2, 7, 6, 3, 8, 6, 3, 4, 1, 26]
[0, 14, 2, 7, 6, 3, 8, 6, 3, 1, 4, 26]
[0, 24, 26]
[0, 5, 26]
[0, 12, 26]
[0, 17, 26]
[0, 14, 12, 26]
[0, 12, 3, 26]
[0, 10, 26]
[0, 3, 17, 26]
[0, 15, 12, 26]
[0, 12, 15, 26]
[0, 16, 12, 26]
[0, 12, 16, 26]
[0, 12, 17, 26]
[0, 14, 15, 12, 26]
[0, 15, 14, 12, 26]
[0, 14, 16, 12, 26]
[0, 12, 10, 26]
[0, 10, 17, 26]
[0, 15, 16, 12, 26]
[0, 12, 16, 9, 26]
[0, 14, 12, 10, 26]
[0, 12, 16, 17, 26]
[0, 23, 19, 26]
[0, 14, 15, 16, 12, 26]
[0, 14, 12, 16, 9, 26]
[0, 12, 16, 10, 26]
[0, 12, 10, 17, 26]
[0, 12, 15, 16, 12, 26]
[0, 14, 16, 12, 10, 26]
[0, 14, 12, 10, 17, 26]
[0, 15, 14, 16, 15, 12, 26]
[0, 14, 12, 15, 16, 12, 26]
[0, 12, 16, 9, 10, 26]
[0, 12, 16, 10, 17, 26]
[0, 15, 12, 16, 15, 12, 26]
[0, 12, 15, 16, 12, 9, 26]
[0, 12, 16, 15, 12, 16, 26]
[0, 14, 12, 16, 9, 10, 26]
[0, 14, 16, 12, 10, 17, 26]
[0, 14, 15, 12, 16, 15, 12, 26]
[0, 15, 14, 12, 15, 16, 12, 26]
[0, 14, 12, 15, 16, 12, 9, 26]
[0, 14, 12, 16, 15, 12, 16, 26]
[0, 12, 15, 16, 12, 10, 26]
[0, 12, 16, 9, 10, 17, 26]
[0, 11, 12, 15, 16, 12, 26]
[0, 12, 11, 15, 16, 12, 26]
[0, 15, 12, 16, 15, 12, 9, 26]
[0, 15, 12, 16, 15, 12, 16, 26]
[0, 12, 16, 15, 12, 16, 9, 26]
[0, 14, 12, 15, 16, 12, 10, 26]
[0, 14, 12, 16, 9, 10, 17, 26]
[0, 14, 11, 12, 15, 16, 12, 26]
[0, 14, 12, 11, 15, 16, 12, 26]
[0, 14, 15, 12, 16, 15, 12, 9, 26]
[0, 15, 14, 12, 15, 16, 12, 9, 26]
[0, 14, 15, 12, 16, 15, 12, 16, 26]
[0, 15, 14, 12, 16, 15, 12, 16, 26]
[0, 14, 12, 16, 15, 12, 16, 9, 26]
[0, 12, 16, 15, 12, 16, 10, 26]
[0, 12, 15, 16, 12, 10, 17, 26]
[0, 15, 11, 12, 15, 16, 12, 26]
[0, 11, 15, 12, 16, 15, 12, 26]
[0, 12, 15, 16, 12, 11, 9, 26]
[0, 11, 12, 16, 15, 12, 16, 26]
[0, 12, 16, 15, 11, 12, 16, 26]
[0, 15, 12, 16, 15, 12, 16, 9, 26]
[0, 14, 12, 16, 15, 12, 16, 10, 26]
[0, 14, 12, 15, 16, 12, 10, 17, 26]
[0, 14, 15, 11, 12, 15, 16, 12, 26]
[0, 15, 14, 12, 11, 15, 16, 12, 26]
[0, 14, 12, 15, 16, 12, 11, 9, 26]
[0, 14, 11, 12, 16, 15, 12, 16, 26]
[0, 14, 12, 16, 15, 11, 12, 16, 26]
[0, 14, 15, 12, 16, 15, 12, 16, 9, 26]
[0, 15, 14, 12, 16, 15, 12, 16, 9, 26]
[0, 12, 16, 15, 12, 16, 9, 10, 26]
[0, 12, 16, 15, 12, 16, 10, 17, 26]
[0, 15, 11, 12, 15, 16, 12, 9, 26]
[0, 11, 15, 12, 16, 15, 12, 9, 26]
[0, 11, 12, 16, 15, 12, 16, 9, 26]
[0, 12, 16, 15, 11, 12, 16, 9, 26]
[0, 14, 12, 16, 15, 12, 16, 9, 10, 26]
[0, 14, 12, 16, 15, 12, 16, 10, 17, 26]
[0, 14, 15, 11, 12, 15, 16, 12, 9, 26]
[0, 15, 14, 12, 11, 15, 16, 12, 9, 26]
[0, 14, 11, 12, 16, 15, 12, 16, 9, 26]
[0, 14, 12, 16, 15, 11, 12, 16, 9, 26]
[0, 15, 12, 16, 15, 12, 16, 9, 10, 26]
[0, 12, 16, 15, 12, 16, 9, 10, 17, 26]
[0, 11, 12, 16, 15, 11, 12, 16, 26]
[0, 11, 12, 16, 11, 12, 16, 9, 26]
[0, 15, 11, 12, 16, 15, 12, 16, 9, 26]
[0, 11, 15, 12, 16, 15, 12, 16, 9, 26]
[0, 15, 14, 12, 16, 15, 12, 16, 9, 10, 26]
[0, 14, 12, 16, 15, 12, 16, 9, 10, 17, 26]
[0, 23, 19, 21, 23, 19, 22, 26]
[0, 14, 11, 12, 16, 11, 12, 16, 9, 26]
[0, 14, 15, 11, 12, 16, 15, 12, 16, 9, 26]
[0, 15, 14, 12, 16, 15, 11, 12, 16, 9, 26]
[0, 12, 16, 15, 11, 12, 16, 9, 10, 26]
[0, 15, 14, 12, 16, 15, 12, 16, 9, 10, 13, 26]
[0, 15, 12, 16, 15, 12, 16, 9, 10, 17, 26]
[0, 25, 26]
[0, 5, 8, 26]
[0, 5, 7, 26]
[0, 22, 26]
[0, 5, 1, 26]
[0, 14, 22, 26]
[0, 22, 20, 26]
[0, 22, 13, 26]
[0, 5, 8, 1, 26]
[0, 2, 5, 8, 26]
[0, 18, 22, 26]
[0, 5, 22, 26]
[0, 5, 4, 26]
[0, 22, 25, 26]
[0, 2, 5, 7, 26]
[0, 14, 11, 9, 26]
[0, 23, 22, 26]
[0, 14, 15, 22, 26]
[0, 5, 22, 20, 26]
[0, 5, 8, 4, 26]
[0, 22, 13, 17, 26]
[0, 22, 25, 24, 26]
[0, 21, 23, 22, 26]
[0, 11, 22, 26]
[0, 14, 15, 22, 20, 26]
[0, 5, 7, 4, 26]
[0, 5, 4, 1, 26]
[0, 5, 1, 4, 26]
[0, 14, 15, 11, 9, 26]
[0, 14, 19, 22, 26]
[0, 23, 18, 22, 26]
[0, 14, 11, 22, 26]
[0, 5, 8, 7, 4, 26]
[0, 5, 8, 4, 1, 26]
[0, 5, 12, 11, 9, 26]
[0, 18, 19, 22, 26]
[0, 23, 21, 18, 22, 26]
[0, 18, 21, 23, 22, 26]
[0, 12, 11, 22, 26]
[0, 14, 11, 22, 20, 26]
[0, 2, 5, 8, 4, 26]
[0, 5, 7, 4, 1, 26]
[0, 14, 16, 15, 11, 9, 26]
[0, 19, 23, 22, 26]
[0, 21, 23, 18, 21, 22, 26]
[0, 14, 15, 11, 22, 26]
[0, 2, 5, 7, 4, 26]
[0, 5, 8, 7, 4, 1, 26]
[0, 19, 21, 23, 22, 26]
[0, 18, 21, 23, 18, 22, 26]
[0, 11, 15, 16, 22, 26]
[0, 14, 15, 11, 22, 20, 26]
[0, 2, 5, 8, 7, 4, 26]
[0, 2, 5, 8, 4, 1, 26]
[0, 14, 12, 16, 15, 11, 9, 26]
[0, 21, 23, 19, 21, 22, 26]
[0, 23, 18, 19, 22, 26]
[0, 23, 18, 21, 23, 22, 26]
[0, 14, 15, 12, 11, 22, 26]
[0, 15, 14, 12, 11, 22, 26]
[0, 14, 11, 15, 16, 22, 26]
[0, 14, 16, 15, 11, 22, 26]
[0, 2, 5, 7, 4, 1, 26]
[0, 14, 15, 11, 22, 25, 26]
[0, 23, 21, 18, 19, 22, 26]
[0, 21, 23, 18, 21, 23, 22, 26]
[0, 22, 19, 18, 22, 26]
[0, 2, 5, 8, 7, 4, 1, 26]
[0, 14, 11, 15, 16, 11, 9, 26]
[0, 23, 18, 21, 23, 18, 22, 26]
[0, 14, 22, 19, 18, 22, 26]
[0, 22, 19, 18, 22, 20, 26]
[0, 22, 19, 18, 22, 24, 26]
[0, 22, 19, 18, 22, 13, 26]
[0, 21, 23, 19, 21, 23, 22, 26]
[0, 23, 19, 18, 23, 22, 26]
[0, 23, 21, 18, 23, 21, 18, 22, 26]
[0, 11, 12, 15, 11, 22, 26]
[0, 11, 15, 16, 11, 22, 26]
[0, 14, 22, 19, 18, 22, 20, 26]
[0, 22, 19, 18, 22, 20, 24, 26]
[0, 5, 7, 8, 6, 7, 8, 4, 1, 26]
[0, 22, 19, 18, 22, 25, 26]
[0, 14, 15, 11, 16, 15, 11, 9, 26]
[0, 23, 22, 19, 18, 22, 26]
[0, 14, 22, 19, 18, 22, 20, 24, 26]
[0, 2, 5, 8, 6, 7, 8, 4, 1, 26]
[0, 22, 19, 18, 22, 25, 24, 26]
[0, 23, 21, 19, 23, 21, 18, 22, 26]
[0, 19, 21, 23, 18, 21, 23, 22, 26]
[0, 21, 23, 22, 19, 18, 22, 26]
[0, 2, 5, 7, 8, 6, 7, 4, 1, 26]
[0, 22, 19, 18, 22, 20, 25, 24, 26]
[0, 14, 15, 11, 12, 16, 15, 11, 9, 26]
[0, 14, 11, 15, 16, 11, 15, 16, 9, 26]
[0, 19, 21, 22, 19, 18, 22, 26]
[0, 21, 23, 22, 19, 18, 22, 20, 26]
[0, 21, 23, 22, 19, 18, 22, 24, 26]
[0, 2, 5, 7, 8, 6, 7, 8, 4, 1, 26]
[0, 14, 22, 19, 18, 22, 20, 25, 24, 26]
[0, 9, 13, 26]
[0, 14, 9, 13, 26]
[0, 9, 25, 26]
[0, 9, 10, 26]
[0, 12, 9, 13, 26]
[0, 9, 13, 17, 26]
[0, 11, 9, 26]
[0, 14, 9, 10, 26]
[0, 9, 10, 13, 26]
[0, 12, 9, 10, 26]
[0, 11, 9, 13, 26]
[0, 12, 9, 13, 17, 26]
[0, 18, 23, 25, 26]
[0, 12, 11, 9, 26]
[0, 14, 15, 9, 10, 26]
[0, 12, 9, 10, 13, 26]
[0, 9, 10, 13, 17, 26]
[0, 11, 9, 10, 26]
[0, 14, 15, 9, 10, 13, 26]
[0, 11, 9, 13, 17, 26]
[0, 12, 15, 11, 9, 26]
[0, 14, 11, 9, 10, 26]
[0, 11, 9, 10, 13, 26]
[0, 12, 9, 10, 13, 17, 26]
[0, 14, 12, 15, 11, 9, 26]
[0, 23, 18, 21, 23, 18, 26]
[0, 12, 11, 9, 10, 26]
[0, 14, 11, 9, 10, 13, 26]
[0, 14, 15, 9, 10, 13, 17, 26]
[0, 23, 18, 21, 23, 25, 26]
[0, 12, 11, 15, 12, 9, 26]
[0, 23, 19, 18, 23, 26]
[0, 23, 21, 18, 23, 21, 18, 26]
[0, 14, 15, 11, 9, 10, 26]
[0, 12, 11, 9, 10, 13, 26]
[0, 11, 9, 10, 13, 17, 26]
[0, 15, 14, 12, 15, 11, 9, 26]
[0, 23, 19, 21, 23, 18, 26]
[0, 19, 23, 18, 21, 23, 26]
[0, 12, 15, 11, 9, 10, 26]
[0, 14, 15, 11, 9, 10, 13, 26]
[0, 14, 11, 9, 10, 13, 17, 26]
[0, 23, 18, 21, 23, 18, 25, 26]
[0, 11, 12, 15, 11, 9, 26]
[0, 14, 12, 15, 11, 9, 10, 26]
[0, 12, 15, 11, 9, 10, 13, 26]
[0, 12, 11, 9, 10, 13, 17, 26]
[0, 14, 11, 12, 15, 11, 9, 26]
[0, 19, 23, 18, 21, 23, 18, 26]
[0, 12, 11, 15, 12, 9, 10, 26]
[0, 14, 12, 15, 11, 9, 10, 13, 26]
[0, 14, 15, 11, 9, 10, 13, 17, 26]
[0, 19, 23, 18, 21, 23, 25, 26]
[0, 15, 11, 12, 15, 11, 9, 26]
[0, 12, 11, 15, 12, 11, 9, 26]
[0, 19, 23, 21, 18, 23, 21, 18, 26]
[0, 15, 14, 12, 15, 11, 9, 10, 26]
[0, 23, 21, 19, 23, 9, 10, 26]
[0, 23, 19, 21, 23, 9, 10, 26]
[0, 12, 15, 11, 12, 9, 10, 13, 26]
[0, 12, 15, 11, 9, 10, 13, 17, 26]
[0, 14, 15, 11, 12, 15, 11, 9, 26]
[0, 23, 19, 21, 23, 18, 21, 23, 26]
[0, 11, 12, 15, 11, 9, 10, 26]
[0, 23, 19, 21, 23, 9, 10, 13, 26]
[0, 14, 12, 15, 11, 9, 10, 13, 17, 26]
[0, 19, 23, 18, 21, 23, 18, 25, 26]
[0, 23, 21, 19, 23, 21, 18, 19, 26]
[0, 21, 23, 19, 21, 23, 18, 21, 23, 26]
[0, 23, 19, 18, 23, 19, 18, 26]
[0, 14, 11, 12, 15, 11, 9, 10, 26]
[0, 11, 12, 15, 11, 9, 10, 13, 26]
[0, 12, 15, 11, 12, 9, 10, 13, 17, 26]
[0, 19, 23, 18, 21, 23, 18, 25, 24, 26]
[0, 14, 15, 11, 12, 15, 11, 12, 9, 26]
[0, 23, 21, 19, 23, 21, 19, 23, 26]
[0, 23, 19, 21, 23, 19, 21, 23, 26]
[0, 23, 19, 21, 23, 18, 21, 23, 18, 26]
[0, 12, 11, 15, 12, 11, 9, 10, 26]
[0, 14, 11, 12, 15, 11, 9, 10, 13, 26]
[0, 23, 19, 21, 23, 9, 10, 13, 17, 26]
[0, 23, 19, 21, 23, 18, 21, 23, 25, 26]
[0, 20, 24, 26]
[0, 21, 20, 24, 26]
[0, 18, 21, 20, 26]
[0, 20, 13, 17, 26]
[0, 23, 21, 20, 26]
[0, 18, 21, 20, 24, 26]
[0, 16, 13, 17, 26]
[0, 16, 17, 13, 26]
[0, 19, 21, 20, 26]
[0, 14, 16, 13, 17, 26]
[0, 14, 16, 17, 13, 26]
[0, 23, 21, 18, 20, 26]
[0, 3, 1, 4, 26]
[0, 15, 16, 13, 17, 26]
[0, 15, 16, 17, 13, 26]
[0, 18, 21, 20, 13, 17, 26]
[0, 21, 23, 18, 21, 20, 26]
[0, 14, 15, 16, 17, 13, 26]
[0, 21, 19, 18, 21, 20, 26]
[0, 21, 23, 18, 21, 20, 24, 26]
[0, 11, 16, 17, 13, 26]
[0, 21, 18, 23, 21, 18, 20, 26]
[0, 23, 21, 18, 23, 21, 20, 26]
[0, 21, 18, 23, 21, 18, 20, 24, 26]
[0, 21, 23, 18, 21, 20, 13, 17, 26]
[0, 19, 21, 23, 18, 21, 20, 26]
[0, 14, 16, 15, 12, 16, 13, 17, 26]
[0, 14, 16, 15, 12, 16, 17, 13, 26]
[0, 21, 19, 18, 21, 20, 13, 17, 26]
[0, 14, 15, 16, 11, 15, 16, 26]
[0, 23, 21, 18, 23, 21, 18, 20, 26]
[0, 16, 11, 15, 16, 13, 17, 26]
[0, 16, 11, 15, 16, 17, 13, 26]
[0, 21, 18, 23, 21, 18, 20, 13, 17, 26]
[0, 11, 16, 15, 11, 16, 26]
[0, 19, 21, 18, 23, 21, 18, 20, 26]
[0, 14, 16, 11, 15, 16, 13, 17, 26]
[0, 14, 16, 11, 15, 16, 17, 13, 26]
[0, 14, 11, 16, 15, 11, 16, 26]
[0, 21, 19, 18, 21, 19, 18, 20, 26]
[0, 19, 21, 18, 23, 21, 18, 20, 24, 26]
[0, 15, 16, 11, 15, 16, 17, 13, 26]
[0, 19, 21, 23, 18, 21, 20, 13, 17, 26]
[0, 11, 15, 16, 11, 15, 16, 26]
[0, 21, 23, 19, 21, 23, 18, 21, 20, 26]
[0, 21, 19, 18, 21, 19, 18, 20, 24, 26]
[0, 14, 15, 16, 11, 15, 16, 13, 17, 26]
[0, 14, 15, 16, 11, 15, 16, 17, 13, 26]
[0, 23, 21, 18, 23, 21, 18, 20, 13, 17, 26]
[0, 14, 11, 15, 16, 11, 15, 16, 26]
[0, 19, 23, 21, 18, 23, 21, 18, 20, 26]
[0, 11, 16, 15, 11, 16, 13, 17, 26]
[0, 11, 16, 15, 11, 16, 17, 13, 26]
[0, 19, 21, 18, 23, 21, 18, 20, 13, 17, 26]
[0, 12, 11, 15, 16, 11, 12, 16, 26]
[0, 14, 11, 16, 15, 11, 16, 10, 26]
[0, 21, 23, 19, 21, 18, 23, 21, 18, 20, 26]
[0, 14, 11, 16, 15, 11, 16, 17, 13, 26]
[0, 21, 19, 18, 21, 19, 18, 20, 13, 17, 26]
[0, 14, 15, 11, 12, 16, 15, 11, 16, 26]
[0, 21, 23, 19, 21, 23, 18, 21, 19, 26]
[0, 11, 15, 16, 11, 15, 16, 10, 26]
[0, 23, 21, 19, 23, 21, 18, 23, 21, 20, 26]
[0, 21, 23, 19, 21, 18, 23, 21, 18, 20, 24, 26]
[0, 11, 15, 16, 11, 15, 16, 17, 13, 26]
[0, 21, 23, 19, 21, 23, 18, 21, 20, 13, 17, 26]
[0, 21, 25, 24, 26]
[0, 21, 20, 25, 24, 26]
[0, 19, 21, 20, 24, 26]
[0, 21, 23, 25, 24, 26]
[0, 2, 5, 3, 1, 26]
[0, 19, 21, 25, 24, 26]
[0, 5, 3, 8, 6, 3, 1, 26]
[0, 5, 3, 4, 1, 26]
[0, 5, 3, 1, 4, 26]
[0, 19, 21, 20, 25, 24, 26]
[0, 2, 5, 3, 4, 26]
[0, 2, 3, 1, 4, 26]
[0, 5, 3, 8, 6, 3, 4, 26]
[0, 21, 23, 19, 21, 20, 24, 26]
[0, 5, 3, 6, 4, 1, 26]
[0, 19, 21, 23, 25, 24, 26]
[0, 2, 5, 3, 6, 4, 26]
[0, 2, 5, 3, 8, 6, 3, 1, 26]
[0, 2, 5, 3, 4, 1, 26]
[0, 2, 5, 3, 1, 4, 26]
[0, 21, 23, 19, 21, 25, 24, 26]
[0, 19, 21, 23, 19, 20, 26]
[0, 2, 5, 3, 8, 6, 4, 26]
[0, 19, 21, 23, 19, 24, 26]
[0, 5, 3, 8, 6, 3, 4, 1, 26]
[0, 5, 3, 8, 6, 3, 1, 4, 26]
[0, 21, 23, 19, 21, 20, 25, 24, 26]
[0, 19, 21, 23, 19, 21, 20, 26]
[0, 19, 21, 23, 19, 21, 24, 26]
[0, 2, 5, 3, 6, 4, 1, 26]
[0, 14, 16, 15, 11, 9, 10, 13, 26]
[0, 19, 21, 23, 19, 21, 20, 24, 26]
[0, 21, 23, 19, 21, 23, 25, 24, 26]
[0, 14, 16, 11, 15, 16, 9, 10, 26]
[0, 19, 21, 23, 18, 21, 19, 20, 26]
[0, 2, 5, 6, 3, 8, 6, 3, 4, 26]
[0, 2, 5, 3, 8, 6, 3, 4, 1, 26]
[0, 2, 5, 3, 8, 6, 3, 1, 4, 26]
[0, 19, 21, 23, 19, 21, 25, 24, 26]
[0, 21, 19, 23, 21, 19, 22, 26]
[0, 19, 21, 23, 19, 21, 22, 26]
[0, 21, 23, 19, 21, 23, 19, 21, 26]
[0, 23, 21, 19, 23, 21, 19, 20, 26]
[0, 19, 21, 23, 19, 21, 23, 24, 26]
[0, 19, 21, 23, 19, 21, 20, 25, 24, 26]
[0, 14, 15, 16, 11, 15, 16, 9, 10, 26]
[0, 21, 23, 19, 21, 23, 19, 21, 20, 26]
[0, 23, 21, 19, 23, 21, 19, 20, 24, 26]
[0, 21, 23, 19, 21, 23, 18, 21, 25, 24, 26]
[0, 14, 12, 11, 16, 15, 11, 16, 9, 26]
[0, 19, 21, 23, 18, 21, 23, 19, 20, 26]
[0, 14, 15, 16, 11, 15, 16, 9, 10, 13, 26]
[0, 21, 23, 19, 21, 23, 19, 21, 20, 24, 26]
[0, 19, 21, 23, 19, 21, 23, 25, 24, 26]
[0, 20, 25, 24, 26]
[0, 6, 4, 26]
[0, 6, 3, 4, 26]
[0, 6, 7, 4, 26]
[0, 6, 7, 3, 4, 26]
[0, 6, 7, 8, 3, 4, 26]
[0, 6, 7, 8, 6, 4, 26]
[0, 6, 7, 8, 6, 3, 4, 26]
[0, 7, 6, 8, 7, 6, 4, 26]
[0, 7, 6, 8, 7, 6, 3, 4, 26]
[0, 7, 6, 8, 7, 6, 8, 3, 4, 26]
[0, 14, 12, 16, 11, 12, 16, 10, 26]
[0, 2, 7, 6, 8, 7, 6, 4, 26]
[0, 7, 6, 8, 7, 6, 3, 1, 4, 26]
[0, 23, 21, 18, 23, 21, 18, 20, 25, 24, 26]
[0, 2, 7, 6, 8, 7, 6, 3, 4, 26]
[0, 14, 12, 16, 11, 12, 16, 9, 10, 26]
[0, 2, 7, 6, 8, 7, 6, 8, 3, 4, 26]
[0, 21, 23, 18, 21, 23, 22, 20, 25, 24, 26]
[0, 2, 5, 7, 6, 8, 7, 6, 3, 4, 26]
[0, 14, 12, 16, 11, 12, 16, 9, 10, 13, 26]
[0, 2, 7, 6, 8, 7, 6, 3, 4, 1, 26]
[0, 2, 7, 6, 8, 7, 6, 3, 1, 4, 26]
[0, 14, 12, 16, 11, 12, 16, 10, 13, 17, 26]
[0, 23, 20, 25, 24, 26]
[0, 14, 16, 9, 13, 17, 26]
[0, 12, 16, 9, 13, 17, 26]
[0, 14, 16, 9, 20, 25, 24, 26]
[0, 5, 8, 7, 6, 3, 1, 26]
[0, 14, 12, 16, 9, 13, 17, 26]
[0, 23, 19, 20, 25, 26]
[0, 5, 6, 7, 8, 6, 1, 26]
[0, 12, 16, 15, 9, 13, 17, 26]
[0, 23, 19, 20, 25, 24, 26]
[0, 14, 16, 15, 12, 16, 9, 13, 26]
[0, 5, 6, 7, 8, 6, 3, 1, 26]
[0, 14, 12, 16, 15, 9, 13, 17, 26]
[0, 23, 19, 18, 23, 20, 26]
[0, 5, 8, 6, 7, 8, 6, 3, 1, 26]
[0, 12, 16, 11, 9, 13, 17, 26]
[0, 23, 18, 19, 20, 25, 24, 26]
[0, 19, 23, 18, 19, 20, 26]
[0, 14, 12, 16, 15, 12, 16, 9, 13, 26]
[0, 5, 7, 6, 8, 7, 6, 3, 1, 26]
[0, 14, 16, 15, 12, 16, 9, 13, 17, 26]
[0, 5, 7, 6, 8, 7, 6, 8, 3, 1, 26]
[0, 12, 16, 15, 12, 16, 9, 13, 17, 26]
[0, 23, 19, 18, 23, 20, 25, 26]
[0, 23, 19, 21, 23, 19, 20, 26]
[0, 2, 5, 8, 6, 7, 8, 6, 3, 1, 26]
[0, 14, 12, 16, 15, 12, 16, 9, 13, 17, 26]
[0, 23, 19, 18, 23, 20, 25, 24, 26]
[0, 23, 19, 18, 23, 19, 20, 26]
[0, 19, 23, 18, 19, 20, 25, 24, 26]
[0, 19, 23, 21, 18, 23, 19, 20, 26]
[0, 23, 19, 18, 23, 19, 20, 24, 26]
[0, 14, 12, 16, 11, 15, 16, 9, 13, 17, 26]
[0, 23, 19, 21, 23, 19, 20, 25, 26]
[0, 23, 19, 18, 23, 19, 18, 20, 26]
[0, 19, 23, 21, 18, 23, 19, 20, 24, 26]
[0, 12, 16, 15, 11, 12, 16, 9, 13, 17, 26]
[0, 23, 19, 18, 23, 19, 20, 25, 26]
[0, 14, 16, 9, 10, 13, 17, 26]
[0, 12, 16, 9, 10, 13, 17, 26]
[0, 14, 16, 15, 9, 10, 13, 17, 26]
[0, 12, 16, 15, 9, 10, 13, 17, 26]
[0, 5, 6, 7, 8, 6, 4, 1, 26]
[0, 14, 12, 16, 15, 9, 10, 13, 17, 26]
[0, 5, 8, 6, 7, 8, 6, 4, 1, 26]
[0, 5, 6, 7, 8, 6, 3, 1, 4, 26]
[0, 16, 15, 12, 16, 9, 10, 13, 17, 26]
[0, 2, 5, 7, 6, 8, 7, 6, 3, 1, 26]
[0, 5, 7, 6, 8, 7, 6, 4, 1, 26]
[0, 14, 16, 15, 12, 16, 9, 10, 13, 17, 26]
[0, 2, 5, 7, 6, 8, 7, 6, 8, 3, 1, 26]
[0, 2, 5, 6, 7, 8, 6, 4, 1, 26]
[0, 5, 7, 6, 8, 7, 6, 3, 1, 4, 26]
[0, 12, 16, 15, 12, 16, 9, 10, 13, 17, 26]
[0, 19, 21, 23, 18, 21, 19, 20, 25, 26]
[0, 2, 5, 8, 6, 7, 8, 6, 4, 1, 26]
[0, 2, 5, 6, 7, 8, 6, 3, 1, 4, 26]
[0, 14, 12, 16, 15, 12, 16, 9, 10, 13, 17, 26]
[0, 14, 16, 11, 9, 10, 17, 26]
[0, 12, 16, 11, 9, 10, 17, 26]
[0, 14, 16, 11, 9, 10, 13, 17, 26]
[0, 14, 16, 15, 11, 9, 10, 17, 26]
[0, 11, 15, 16, 11, 9, 10, 26]
[0, 2, 5, 8, 7, 6, 3, 1, 4, 26]
[0, 12, 16, 15, 11, 9, 10, 17, 26]
[0, 14, 16, 15, 11, 9, 10, 13, 17, 26]
[0, 14, 11, 15, 16, 11, 9, 10, 26]
[0, 14, 12, 16, 15, 11, 9, 10, 17, 26]
[0, 12, 11, 15, 16, 11, 9, 10, 26]
[0, 2, 5, 7, 8, 6, 7, 3, 1, 4, 26]
[0, 11, 15, 16, 11, 9, 10, 17, 26]
[0, 5, 8, 6, 7, 8, 3, 1, 4, 26]
[0, 14, 12, 11, 9, 10, 13, 17, 26]
[0, 14, 12, 16, 11, 12, 9, 13, 17, 26]
[0, 19, 21, 23, 18, 21, 19, 20, 24, 26]
[0, 7, 6, 8, 7, 6, 8, 3, 4, 1, 26]
[0, 7, 6, 8, 7, 6, 8, 3, 1, 4, 26]
[0, 14, 12, 16, 11, 9, 10, 13, 17, 26]
[0, 19, 21, 18, 23, 21, 18, 20, 25, 24, 26]
[0, 14, 12, 15, 16, 12, 11, 9, 10, 26]
[0, 14, 12, 11, 16, 15, 11, 9, 13, 26]
[0, 2, 5, 8, 6, 7, 8, 3, 1, 4, 26]
[0, 14, 12, 15, 16, 12, 11, 9, 13, 17, 26]
[0, 14, 12, 11, 16, 15, 11, 12, 9, 26]
[0, 2, 5, 7, 6, 8, 7, 6, 8, 4, 26]
[0, 14, 12, 15, 16, 12, 11, 9, 10, 13, 26]
[0, 5, 7, 6, 8, 7, 6, 8, 3, 1, 4, 26]
[0, 14, 12, 16, 11, 12, 9, 10, 13, 17, 26]
[0, 19, 21, 23, 18, 21, 19, 20, 25, 24, 26]
[0, 22, 20, 25, 26]
[0, 22, 20, 25, 24, 26]
[0, 22, 19, 20, 25, 24, 26]
[0, 12, 16, 15, 11, 9, 20, 25, 26]
[0, 12, 16, 15, 11, 10, 25, 26]
[0, 12, 16, 15, 11, 10, 13, 17, 26]
[0, 14, 12, 16, 15, 11, 9, 20, 25, 26]
[0, 14, 12, 16, 15, 11, 10, 25, 26]
[0, 14, 12, 16, 15, 11, 10, 13, 17, 26]
[0, 12, 15, 16, 12, 11, 9, 20, 25, 26]
[0, 12, 15, 16, 12, 11, 10, 25, 26]
[0, 2, 5, 7, 6, 8, 7, 6, 4, 26]
[0, 12, 15, 16, 12, 11, 10, 13, 17, 26]
[0, 14, 12, 15, 16, 12, 11, 9, 20, 25, 26]
[0, 14, 12, 15, 16, 12, 11, 10, 25, 26]
[0, 12, 11, 15, 16, 11, 12, 10, 26]
[0, 12, 11, 15, 16, 11, 10, 17, 26]
[0, 14, 12, 15, 16, 12, 11, 10, 13, 17, 26]
[0, 12, 11, 15, 16, 11, 9, 20, 25, 26]
[0, 12, 11, 15, 16, 11, 10, 25, 26]
[0, 14, 12, 11, 9, 10, 25, 24, 26]
[0, 12, 15, 16, 12, 11, 9, 20, 24, 26]
[0, 12, 16, 15, 11, 9, 20, 25, 24, 26]
[0, 14, 12, 15, 16, 12, 11, 9, 20, 24, 26]
[0, 14, 12, 16, 15, 11, 9, 20, 25, 24, 26]
[0, 12, 11, 15, 16, 11, 9, 20, 24, 26]
[0, 12, 16, 15, 11, 9, 10, 13, 17, 26]
[0, 12, 15, 16, 12, 11, 9, 20, 25, 24, 26]
[0, 14, 12, 11, 16, 15, 11, 9, 20, 24, 26]
[0, 14, 12, 16, 15, 11, 9, 10, 13, 17, 26]
[0, 14, 12, 15, 16, 12, 11, 9, 20, 25, 24, 26]
[0, 14, 15, 17, 26]
[0, 12, 15, 17, 26]
[0, 14, 15, 16, 17, 26]
[0, 12, 15, 16, 17, 26]
[0, 14, 12, 15, 16, 17, 26]
[0, 12, 11, 15, 17, 26]
[0, 14, 12, 11, 15, 17, 26]
[0, 12, 11, 15, 16, 17, 26]
[0, 14, 12, 11, 15, 16, 17, 26]
[0, 14, 12, 15, 11, 9, 13, 17, 26]
[0, 15, 14, 12, 11, 15, 16, 17, 26]
[0, 2, 5, 7, 6, 8, 7, 6, 17, 26]
[0, 14, 12, 16, 15, 11, 9, 13, 17, 26]
[0, 19, 23, 21, 18, 23, 25, 24, 26]
[0, 19, 21, 23, 18, 21, 23, 25, 24, 26]
[0, 11, 15, 16, 11, 15, 16, 17, 26]
[0, 19, 23, 21, 18, 19, 20, 25, 24, 26]
[0, 12, 11, 15, 16, 11, 9, 13, 17, 26]
[0, 19, 23, 21, 18, 23, 21, 18, 20, 25, 26]
[0, 23, 18, 21, 23, 22, 20, 13, 26]
[0, 23, 21, 18, 19, 22, 20, 13, 26]
[0, 23, 18, 21, 23, 22, 20, 25, 24, 26]
[0, 19, 23, 18, 21, 23, 18, 20, 13, 26]
[0, 23, 21, 18, 19, 22, 20, 25, 24, 26]
[0, 19, 23, 21, 18, 23, 21, 18, 20, 13, 26]
[0, 19, 23, 18, 21, 23, 18, 20, 25, 24, 26]
[0, 19, 23, 21, 18, 23, 22, 20, 13, 26]
