rc101
[0, 26, 48, 25, 51]
[0, 27, 29, 41, 43, 37, 51]
[0, 28, 33, 4, 1, 51]
[0, 30, 31, 49, 20, 51]
[0, 50, 32, 51]
[0, 34, 24, 51]
[0, 18, 21, 22, 10, 51]
[0, 23, 9, 51]
[0, 35, 51]
[0, 36, 8, 3, 51]
[0, 16, 15, 6, 46, 51]
[0, 5, 2, 40, 51]
[0, 13, 17, 51]
[0, 19, 51]
[0, 45, 44, 51]
[0, 47, 14, 51]
[0, 38, 51]
[0, 39, 42, 7, 51]
[0, 11, 12, 51]
[0, 14, 51]
[0, 44, 51]
[0, 3, 51]
[0, 20, 51]
[0, 42, 44, 51]
[0, 7, 51]
[0, 27, 51]
[0, 44, 3, 51]
[0, 20, 24, 51]
[0, 2, 51]
[0, 14, 7, 51]
[0, 14, 9, 51]
[0, 44, 6, 51]
[0, 6, 3, 51]
[0, 3, 6, 51]
[0, 3, 1, 51]
[0, 45, 2, 51]
[0, 2, 45, 51]
[0, 14, 2, 51]
[0, 2, 44, 51]
[0, 7, 6, 51]
[0, 6, 7, 51]
[0, 14, 6, 3, 51]
[0, 44, 6, 3, 51]
[0, 44, 3, 6, 51]
[0, 44, 3, 1, 51]
[0, 20, 25, 24, 51]
[0, 5, 2, 51]
[0, 14, 11, 51]
[0, 42, 44, 38, 51]
[0, 2, 7, 51]
[0, 14, 7, 6, 51]
[0, 44, 6, 7, 51]
[0, 7, 6, 3, 51]
[0, 6, 7, 3, 51]
[0, 3, 6, 46, 3, 51]
[0, 6, 3, 1, 51]
[0, 44, 20, 25, 24, 51]
[0, 5, 45, 2, 51]
[0, 14, 47, 11, 51]
[0, 39, 42, 44, 38, 51]
[0, 14, 2, 7, 51]
[0, 14, 2, 6, 51]
[0, 42, 44, 6, 7, 51]
[0, 14, 7, 6, 3, 51]
[0, 44, 6, 7, 3, 51]
[0, 44, 3, 6, 46, 3, 51]
[0, 44, 6, 3, 1, 51]
[0, 27, 20, 25, 24, 51]
[0, 20, 24, 25, 48, 24, 51]
[0, 14, 11, 12, 51]
[0, 14, 12, 11, 51]
[0, 2, 5, 7, 51]
[0, 14, 11, 9, 51]
[0, 2, 7, 6, 51]
[0, 2, 6, 7, 51]
[0, 14, 2, 6, 3, 51]
[0, 6, 7, 3, 6, 51]
[0, 6, 3, 46, 6, 3, 51]
[0, 3, 6, 46, 3, 1, 51]
[0, 14, 9, 20, 25, 24, 51]
[0, 44, 20, 24, 25, 48, 24, 51]
[0, 14, 47, 11, 12, 51]
[0, 36, 44, 38, 51]
[0, 2, 45, 5, 7, 51]
[0, 14, 47, 11, 9, 51]
[0, 44, 38, 40, 44, 51]
[0, 14, 2, 7, 6, 51]
[0, 14, 2, 6, 7, 51]
[0, 2, 7, 6, 3, 51]
[0, 2, 6, 7, 3, 51]
[0, 14, 6, 7, 3, 6, 51]
[0, 14, 6, 3, 46, 6, 3, 51]
[0, 44, 6, 3, 46, 6, 3, 51]
[0, 44, 3, 6, 46, 3, 1, 51]
[0, 2, 5, 45, 2, 51]
[0, 14, 12, 11, 9, 51]
[0, 42, 44, 38, 40, 44, 51]
[0, 2, 11, 9, 51]
[0, 2, 5, 7, 6, 51]
[0, 14, 2, 7, 8, 6, 51]
[0, 14, 2, 8, 7, 6, 51]
[0, 14, 2, 6, 8, 7, 51]
[0, 7, 6, 8, 7, 6, 51]
[0, 14, 2, 7, 6, 3, 51]
[0, 14, 2, 6, 7, 3, 51]
[0, 44, 6, 7, 8, 6, 3, 51]
[0, 7, 6, 3, 46, 6, 3, 51]
[0, 6, 7, 3, 6, 46, 3, 51]
[0, 6, 3, 46, 6, 3, 1, 51]
[0, 14, 9, 20, 24, 25, 48, 24, 51]
[0, 45, 2, 5, 45, 2, 51]
[0, 14, 47, 15, 11, 9, 51]
[0, 39, 42, 44, 38, 40, 44, 51]
[0, 45, 2, 11, 9, 51]
[0, 2, 45, 5, 7, 6, 51]
[0, 2, 7, 8, 6, 7, 51]
[0, 14, 7, 6, 8, 7, 6, 51]
[0, 14, 2, 7, 8, 6, 3, 51]
[0, 14, 2, 7, 6, 8, 3, 51]
[0, 14, 2, 6, 7, 8, 3, 51]
[0, 14, 2, 6, 3, 46, 6, 51]
[0, 2, 6, 7, 3, 6, 51]
[0, 14, 7, 6, 3, 46, 6, 3, 51]
[0, 44, 6, 3, 46, 6, 3, 1, 51]
[0, 5, 2, 45, 5, 2, 51]
[0, 2, 5, 45, 2, 7, 51]
[0, 2, 5, 45, 2, 6, 51]
[0, 14, 2, 7, 8, 6, 7, 51]
[0, 14, 2, 6, 7, 8, 6, 51]
[0, 2, 7, 8, 6, 7, 3, 51]
[0, 2, 7, 6, 3, 46, 6, 51]
[0, 14, 2, 6, 7, 3, 6, 51]
[0, 14, 2, 6, 3, 46, 6, 3, 51]
[0, 6, 7, 3, 6, 46, 3, 1, 51]
[0, 5, 45, 2, 5, 45, 2, 51]
[0, 45, 2, 5, 45, 2, 7, 51]
[0, 45, 2, 5, 45, 2, 6, 51]
[0, 2, 5, 45, 2, 8, 6, 51]
[0, 2, 5, 7, 8, 6, 7, 51]
[0, 2, 7, 6, 8, 7, 6, 51]
[0, 14, 2, 7, 8, 6, 7, 3, 51]
[0, 14, 2, 7, 6, 3, 46, 6, 51]
[0, 14, 2, 6, 7, 3, 46, 6, 51]
[0, 14, 2, 7, 6, 3, 46, 8, 3, 51]
[0, 14, 2, 6, 7, 3, 46, 8, 3, 51]
[0, 2, 7, 6, 3, 46, 6, 3, 51]
[0, 2, 6, 7, 3, 6, 46, 3, 51]
[0, 14, 7, 6, 3, 46, 6, 3, 1, 51]
[0, 14, 11, 12, 15, 11, 51]
[0, 5, 2, 45, 5, 2, 7, 51]
[0, 2, 5, 45, 2, 7, 6, 51]
[0, 2, 5, 45, 2, 6, 7, 51]
[0, 14, 2, 7, 6, 8, 7, 6, 51]
[0, 14, 2, 7, 8, 6, 3, 46, 6, 51]
[0, 14, 2, 7, 6, 8, 3, 46, 6, 51]
[0, 2, 7, 8, 6, 7, 3, 6, 51]
[0, 2, 7, 6, 8, 7, 6, 3, 51]
[0, 14, 2, 7, 6, 3, 46, 6, 3, 51]
[0, 14, 2, 6, 7, 3, 6, 46, 3, 51]
[0, 14, 2, 6, 3, 46, 6, 3, 1, 51]
[0, 14, 47, 11, 12, 15, 11, 51]
[0, 5, 45, 2, 5, 45, 2, 7, 51]
[0, 45, 2, 5, 45, 2, 7, 6, 51]
[0, 2, 5, 45, 2, 7, 8, 6, 51]
[0, 2, 5, 45, 2, 8, 7, 6, 51]
[0, 2, 5, 45, 2, 6, 8, 7, 51]
[0, 2, 5, 7, 6, 8, 7, 6, 51]
[0, 14, 2, 7, 8, 6, 7, 8, 6, 51]
[0, 14, 2, 7, 8, 6, 7, 3, 6, 51]
[0, 14, 2, 7, 6, 8, 7, 6, 3, 51]
[0, 14, 2, 7, 8, 6, 3, 46, 6, 3, 51]
[0, 14, 2, 7, 6, 8, 3, 6, 46, 3, 51]
[0, 14, 2, 6, 7, 8, 3, 6, 46, 3, 51]
[0, 2, 6, 7, 3, 6, 46, 3, 1, 51]
[0, 14, 15, 11, 16, 15, 11, 51]
[0, 14, 11, 16, 15, 11, 12, 51]
[0, 14, 12, 11, 15, 16, 11, 51]
[0, 14, 11, 16, 15, 11, 9, 51]
[0, 5, 2, 45, 5, 2, 7, 6, 51]
[0, 5, 2, 45, 5, 2, 6, 7, 51]
[0, 2, 45, 5, 7, 6, 8, 7, 6, 51]
[0, 2, 5, 45, 2, 7, 8, 6, 3, 51]
[0, 2, 5, 45, 2, 7, 6, 8, 3, 51]
[0, 14, 2, 7, 8, 6, 7, 8, 46, 6, 51]
[0, 14, 2, 7, 8, 6, 7, 3, 46, 6, 51]
[0, 14, 2, 7, 6, 8, 7, 6, 46, 3, 51]
[0, 2, 7, 8, 6, 7, 3, 6, 46, 3, 51]
[0, 14, 2, 6, 7, 3, 6, 46, 3, 1, 51]
[0, 14, 47, 15, 11, 16, 15, 11, 51]
[0, 14, 47, 15, 14, 47, 16, 15, 11, 12, 51]
[0, 14, 47, 15, 14, 47, 16, 15, 11, 9, 51]
[0, 5, 45, 2, 5, 45, 2, 7, 6, 51]
[0, 5, 45, 2, 5, 45, 2, 6, 7, 51]
[0, 2, 5, 45, 2, 7, 8, 6, 7, 51]
[0, 2, 5, 45, 2, 6, 7, 8, 6, 51]
[0, 2, 5, 45, 2, 8, 6, 3, 46, 6, 51]
[0, 2, 5, 45, 2, 6, 7, 3, 6, 51]
[0, 14, 2, 7, 8, 6, 7, 8, 6, 46, 3, 51]
[0, 14, 2, 7, 6, 8, 7, 6, 8, 46, 3, 51]
[0, 14, 2, 7, 8, 6, 7, 3, 6, 46, 3, 51]
[0, 14, 2, 6, 7, 8, 3, 6, 46, 3, 1, 51]
[0, 14, 15, 11, 16, 15, 11, 12, 51]
[0, 14, 47, 15, 14, 11, 15, 16, 11, 51]
[0, 14, 12, 11, 15, 16, 11, 9, 51]
[0, 5, 45, 2, 5, 45, 2, 7, 8, 6, 51]
[0, 5, 45, 2, 5, 45, 2, 8, 7, 6, 51]
[0, 45, 2, 5, 45, 2, 7, 8, 6, 7, 51]
[0, 45, 2, 5, 45, 2, 6, 7, 8, 6, 51]
[0, 2, 5, 45, 2, 8, 6, 7, 8, 6, 51]
[0, 5, 45, 2, 5, 45, 2, 7, 6, 3, 51]
[0, 5, 45, 2, 5, 45, 2, 6, 7, 3, 51]
[0, 2, 5, 45, 2, 7, 8, 6, 7, 3, 51]
[0, 2, 5, 45, 2, 7, 6, 3, 46, 6, 51]
[0, 2, 5, 45, 2, 6, 7, 3, 46, 6, 51]
[0, 14, 2, 7, 6, 8, 7, 6, 8, 46, 6, 51]
[0, 14, 2, 7, 8, 6, 7, 8, 6, 46, 8, 3, 51]
[0, 14, 2, 7, 6, 8, 7, 6, 46, 8, 3, 46, 51]
[0, 2, 7, 6, 8, 7, 6, 46, 8, 6, 3, 51]
[0, 14, 2, 7, 8, 6, 7, 3, 46, 6, 3, 46, 51]
[0, 2, 7, 8, 6, 7, 3, 6, 46, 3, 1, 51]
[0, 14, 47, 15, 11, 16, 15, 11, 12, 51]
[0, 14, 47, 12, 11, 15, 16, 11, 12, 51]
[0, 14, 47, 12, 11, 15, 16, 11, 9, 51]
[0, 5, 2, 45, 5, 2, 7, 8, 6, 7, 51]
[0, 2, 5, 45, 2, 7, 6, 8, 7, 6, 51]
[0, 2, 5, 45, 2, 7, 8, 6, 3, 46, 6, 51]
[0, 2, 5, 45, 2, 7, 6, 8, 3, 46, 6, 51]
[0, 2, 5, 45, 2, 6, 7, 8, 3, 46, 6, 51]
[0, 14, 2, 7, 6, 8, 7, 6, 46, 8, 6, 46, 51]
[0, 2, 5, 45, 2, 7, 6, 3, 46, 6, 3, 51]
[0, 2, 5, 45, 2, 6, 7, 3, 6, 46, 3, 51]
[0, 14, 2, 7, 6, 8, 7, 6, 8, 46, 6, 3, 51]
[0, 14, 2, 7, 8, 6, 7, 3, 6, 46, 3, 1, 51]
[0, 14, 47, 11, 12, 47, 16, 15, 11, 12, 51]
[0, 14, 47, 15, 14, 12, 11, 15, 16, 11, 51]
[0, 14, 47, 15, 14, 11, 15, 16, 11, 9, 51]
[0, 5, 45, 2, 5, 45, 2, 7, 8, 6, 7, 51]
[0, 45, 2, 5, 45, 2, 7, 6, 8, 7, 6, 51]
[0, 2, 5, 45, 2, 7, 8, 6, 7, 8, 6, 51]
[0, 45, 2, 5, 45, 2, 7, 8, 6, 3, 46, 6, 51]
[0, 5, 45, 2, 5, 45, 2, 6, 7, 3, 6, 51]
[0, 2, 5, 45, 2, 7, 8, 6, 7, 3, 6, 51]
[0, 2, 5, 45, 2, 7, 6, 8, 7, 6, 3, 51]
[0, 2, 5, 45, 2, 7, 8, 6, 3, 46, 6, 3, 51]
[0, 2, 5, 45, 2, 7, 6, 8, 3, 6, 46, 3, 51]
[0, 14, 2, 7, 6, 8, 7, 6, 46, 8, 6, 46, 3, 51]
[0, 2, 7, 6, 8, 7, 6, 46, 8, 6, 3, 1, 51]
[0, 14, 2, 7, 8, 6, 7, 3, 46, 6, 3, 46, 1, 51]
[0, 39, 51]
[0, 45, 51]
[0, 42, 39, 51]
[0, 39, 42, 51]
[0, 29, 30, 51]
[0, 45, 8, 51]
[0, 45, 46, 51]
[0, 45, 5, 51]
[0, 5, 45, 51]
[0, 40, 51]
[0, 45, 8, 46, 51]
[0, 45, 46, 8, 51]
[0, 45, 46, 13, 51]
[0, 36, 51]
[0, 45, 38, 51]
[0, 45, 40, 51]
[0, 36, 39, 51]
[0, 42, 39, 40, 51]
[0, 45, 40, 3, 51]
[0, 45, 40, 46, 51]
[0, 42, 36, 39, 51]
[0, 45, 5, 38, 51]
[0, 45, 5, 40, 51]
[0, 45, 40, 35, 51]
[0, 42, 36, 39, 42, 51]
[0, 39, 42, 36, 39, 51]
[0, 45, 38, 40, 51]
[0, 45, 40, 38, 51]
[0, 45, 5, 40, 46, 51]
[0, 42, 36, 39, 42, 44, 51]
[0, 39, 42, 36, 39, 44, 51]
[0, 39, 36, 38, 51]
[0, 39, 36, 40, 51]
[0, 45, 38, 40, 46, 51]
[0, 45, 5, 2, 45, 5, 51]
[0, 5, 45, 2, 5, 45, 51]
[0, 42, 39, 36, 38, 51]
[0, 39, 42, 36, 39, 41, 51]
[0, 42, 39, 36, 40, 51]
[0, 45, 38, 40, 41, 51]
[0, 45, 5, 40, 38, 51]
[0, 39, 36, 40, 46, 51]
[0, 45, 40, 46, 4, 51]
[0, 36, 39, 42, 36, 51]
[0, 39, 42, 36, 39, 40, 51]
[0, 45, 40, 44, 41, 40, 51]
[0, 42, 39, 36, 40, 46, 51]
[0, 45, 5, 38, 40, 46, 51]
[0, 14, 47, 15, 14, 12, 11, 51]
[0, 42, 36, 39, 42, 36, 51]
[0, 39, 36, 38, 40, 51]
[0, 39, 36, 40, 38, 51]
[0, 45, 40, 44, 38, 40, 51]
[0, 39, 42, 36, 39, 40, 46, 51]
[0, 45, 5, 40, 46, 4, 51]
[0, 14, 47, 15, 14, 47, 11, 12, 51]
[0, 42, 36, 39, 42, 36, 44, 51]
[0, 36, 39, 42, 36, 41, 51]
[0, 42, 39, 36, 38, 40, 51]
[0, 39, 42, 36, 39, 40, 41, 51]
[0, 45, 40, 38, 41, 40, 51]
[0, 36, 39, 42, 36, 38, 51]
[0, 36, 39, 42, 36, 40, 51]
[0, 45, 40, 38, 41, 40, 37, 51]
[0, 42, 36, 39, 42, 36, 38, 51]
[0, 42, 36, 39, 42, 36, 40, 51]
[0, 45, 5, 40, 38, 41, 40, 51]
[0, 45, 40, 38, 41, 40, 35, 51]
[0, 42, 36, 39, 42, 36, 38, 44, 51]
[0, 36, 39, 42, 36, 38, 41, 51]
[0, 42, 36, 39, 42, 36, 44, 40, 51]
[0, 36, 39, 42, 36, 40, 41, 51]
[0, 45, 38, 40, 41, 38, 40, 51]
[0, 45, 40, 38, 41, 40, 37, 35, 51]
[0, 45, 40, 38, 41, 40, 35, 37, 51]
[0, 14, 47, 15, 14, 12, 47, 15, 11, 12, 51]
[0, 42, 36, 39, 42, 36, 38, 41, 51]
[0, 36, 39, 42, 36, 38, 40, 51]
[0, 36, 39, 42, 36, 40, 38, 51]
[0, 39, 36, 40, 38, 41, 40, 51]
[0, 45, 40, 38, 41, 40, 4, 51]
[0, 42, 36, 39, 42, 36, 38, 44, 41, 51]
[0, 42, 36, 39, 42, 36, 38, 40, 51]
[0, 42, 36, 39, 42, 36, 40, 38, 51]
[0, 42, 39, 36, 40, 38, 41, 40, 51]
[0, 45, 38, 40, 41, 38, 40, 41, 51]
[0, 45, 5, 38, 40, 41, 38, 40, 51]
[0, 45, 38, 40, 41, 38, 40, 35, 51]
[0, 45, 40, 38, 41, 40, 37, 4, 51]
[0, 14, 47, 15, 14, 12, 47, 16, 15, 11, 12, 51]
[0, 36, 39, 42, 36, 38, 40, 41, 51]
[0, 36, 39, 42, 36, 40, 38, 41, 51]
[0, 39, 42, 36, 39, 40, 38, 41, 40, 51]
[0, 45, 5, 40, 38, 41, 40, 4, 51]
[0, 42, 36, 39, 42, 36, 38, 40, 41, 51]
[0, 42, 36, 39, 42, 36, 40, 38, 41, 51]
[0, 39, 36, 38, 40, 41, 38, 40, 51]
[0, 39, 42, 36, 39, 40, 38, 41, 40, 37, 51]
[0, 42, 36, 39, 42, 36, 40, 46, 4, 51]
[0, 45, 38, 40, 41, 38, 40, 4, 51]
[0, 28, 51]
[0, 31, 51]
[0, 16, 51]
[0, 23, 51]
[0, 33, 31, 51]
[0, 14, 16, 51]
[0, 23, 21, 51]
[0, 14, 47, 16, 51]
[0, 14, 16, 8, 51]
[0, 16, 8, 3, 51]
[0, 16, 17, 51]
[0, 14, 16, 12, 51]
[0, 27, 28, 31, 51]
[0, 28, 29, 31, 28, 51]
[0, 14, 47, 16, 12, 51]
[0, 31, 28, 29, 31, 51]
[0, 28, 29, 31, 28, 30, 51]
[0, 28, 31, 27, 28, 51]
[0, 23, 19, 51]
[0, 14, 11, 16, 51]
[0, 14, 16, 11, 51]
[0, 47, 14, 12, 47, 16, 51]
[0, 33, 31, 28, 29, 31, 51]
[0, 31, 27, 28, 31, 51]
[0, 28, 31, 29, 28, 31, 51]
[0, 31, 28, 29, 31, 28, 51]
[0, 28, 31, 27, 28, 32, 51]
[0, 23, 21, 19, 51]
[0, 14, 47, 15, 14, 47, 16, 51]
[0, 14, 47, 16, 11, 51]
[0, 14, 12, 47, 16, 12, 51]
[0, 31, 28, 27, 29, 31, 51]
[0, 33, 28, 31, 29, 28, 31, 51]
[0, 28, 29, 31, 28, 29, 31, 51]
[0, 31, 28, 29, 31, 28, 30, 51]
[0, 28, 31, 27, 28, 31, 51]
[0, 14, 11, 16, 12, 51]
[0, 14, 12, 16, 11, 51]
[0, 47, 14, 12, 47, 16, 12, 51]
[0, 33, 31, 28, 27, 29, 31, 51]
[0, 33, 28, 29, 31, 28, 29, 31, 51]
[0, 28, 29, 31, 30, 28, 29, 31, 51]
[0, 28, 31, 29, 27, 28, 31, 51]
[0, 31, 28, 29, 27, 28, 31, 51]
[0, 28, 29, 31, 28, 29, 31, 28, 51]
[0, 31, 28, 27, 31, 28, 32, 51]
[0, 39, 42, 36, 39, 38, 51]
[0, 14, 47, 15, 14, 47, 16, 12, 51]
[0, 14, 47, 16, 11, 12, 51]
[0, 14, 12, 47, 16, 12, 9, 51]
[0, 16, 11, 15, 16, 51]
[0, 14, 47, 16, 15, 12, 16, 51]
[0, 33, 28, 29, 31, 30, 28, 29, 31, 51]
[0, 31, 28, 29, 31, 28, 29, 31, 51]
[0, 28, 29, 31, 28, 29, 31, 28, 30, 51]
[0, 28, 29, 31, 28, 29, 31, 28, 32, 51]
[0, 39, 42, 36, 39, 44, 38, 51]
[0, 47, 14, 11, 47, 16, 12, 51]
[0, 47, 14, 12, 47, 16, 11, 51]
[0, 23, 21, 19, 23, 51]
[0, 23, 19, 21, 23, 51]
[0, 47, 14, 12, 47, 16, 12, 9, 51]
[0, 14, 16, 11, 15, 16, 51]
[0, 14, 12, 16, 15, 12, 16, 51]
[0, 14, 16, 11, 12, 16, 51]
[0, 33, 31, 28, 29, 31, 28, 29, 31, 51]
[0, 31, 28, 29, 31, 30, 28, 29, 31, 51]
[0, 33, 28, 29, 31, 28, 29, 31, 28, 30, 51]
[0, 28, 29, 31, 28, 30, 31, 29, 28, 30, 51]
[0, 28, 31, 27, 28, 31, 34, 51]
[0, 31, 28, 27, 31, 28, 26, 51]
[0, 28, 29, 31, 28, 29, 31, 28, 30, 32, 51]
[0, 14, 47, 11, 15, 16, 12, 51]
[0, 14, 47, 15, 14, 47, 16, 11, 51]
[0, 14, 11, 12, 47, 16, 12, 51]
[0, 14, 12, 47, 16, 11, 12, 51]
[0, 23, 21, 19, 23, 21, 51]
[0, 21, 23, 19, 21, 23, 51]
[0, 14, 47, 16, 15, 11, 16, 51]
[0, 14, 47, 12, 16, 15, 12, 16, 51]
[0, 14, 47, 16, 12, 11, 16, 51]
[0, 33, 31, 27, 29, 31, 28, 29, 31, 51]
[0, 33, 31, 28, 29, 31, 30, 28, 29, 31, 51]
[0, 33, 28, 29, 31, 28, 30, 31, 29, 28, 30, 51]
[0, 28, 29, 31, 28, 29, 31, 28, 50, 51]
[0, 28, 29, 31, 28, 29, 31, 28, 34, 51]
[0, 28, 29, 31, 28, 29, 31, 28, 26, 51]
[0, 31, 28, 27, 31, 28, 26, 32, 51]
[0, 47, 14, 11, 47, 16, 11, 51]
[0, 14, 47, 11, 12, 47, 16, 12, 51]
[0, 47, 14, 12, 47, 16, 11, 12, 51]
[0, 14, 15, 11, 16, 15, 16, 51]
[0, 14, 12, 16, 11, 15, 16, 51]
[0, 47, 14, 12, 47, 16, 15, 12, 16, 51]
[0, 14, 12, 16, 11, 12, 16, 51]
[0, 33, 31, 27, 29, 31, 27, 29, 31, 51]
[0, 33, 31, 27, 29, 31, 28, 30, 31, 29, 51]
[0, 33, 31, 28, 29, 31, 30, 28, 29, 31, 30, 51]
[0, 28, 29, 31, 28, 29, 31, 28, 30, 50, 51]
[0, 28, 29, 31, 28, 29, 31, 28, 29, 34, 51]
[0, 28, 29, 31, 28, 30, 31, 29, 28, 26, 51]
[0, 28, 29, 31, 28, 29, 31, 28, 26, 32, 51]
[0, 14, 47, 11, 12, 16, 11, 51]
[0, 14, 47, 15, 14, 47, 16, 11, 12, 51]
[0, 14, 11, 12, 47, 16, 12, 9, 51]
[0, 14, 47, 15, 16, 11, 15, 16, 51]
[0, 14, 47, 12, 16, 11, 15, 16, 51]
[0, 14, 12, 47, 16, 15, 11, 16, 51]
[0, 14, 47, 16, 15, 11, 12, 16, 51]
[0, 14, 47, 12, 16, 11, 12, 16, 51]
[0, 14, 12, 47, 16, 11, 12, 16, 51]
[0, 33, 31, 27, 29, 31, 28, 30, 31, 29, 30, 51]
[0, 28, 29, 31, 28, 30, 31, 29, 28, 30, 50, 51]
[0, 28, 29, 31, 28, 29, 31, 30, 28, 29, 34, 51]
[0, 31, 28, 27, 31, 28, 26, 34, 51]
[0, 28, 29, 31, 28, 30, 31, 29, 28, 26, 32, 51]
[0, 14, 47, 11, 12, 47, 16, 11, 51]
[0, 23, 19, 21, 23, 19, 51]
[0, 14, 11, 16, 15, 11, 16, 51]
[0, 47, 14, 12, 47, 16, 15, 11, 16, 51]
[0, 14, 11, 16, 12, 11, 16, 51]
[0, 47, 14, 12, 47, 16, 11, 12, 16, 51]
[0, 33, 28, 29, 31, 28, 30, 31, 29, 28, 30, 50, 51]
[0, 33, 28, 29, 31, 28, 29, 31, 30, 28, 29, 34, 51]
[0, 28, 29, 31, 28, 29, 31, 28, 34, 50, 51]
[0, 28, 29, 31, 28, 29, 31, 28, 26, 34, 51]
[0, 31, 28, 27, 31, 28, 26, 34, 32, 51]
[0, 31, 28, 27, 31, 28, 26, 32, 34, 51]
[0, 14, 47, 11, 12, 16, 11, 12, 51]
[0, 14, 11, 12, 47, 16, 11, 12, 51]
[0, 23, 21, 19, 23, 21, 19, 51]
[0, 14, 47, 15, 14, 47, 16, 11, 15, 16, 51]
[0, 14, 47, 11, 12, 16, 15, 12, 16, 51]
[0, 14, 47, 12, 16, 11, 15, 16, 9, 51]
[0, 14, 47, 15, 14, 47, 16, 11, 12, 16, 51]
[0, 14, 47, 12, 16, 11, 12, 16, 9, 51]
[0, 14, 12, 47, 16, 11, 12, 16, 9, 51]
[0, 33, 31, 28, 29, 31, 30, 28, 29, 31, 30, 50, 51]
[0, 33, 28, 29, 31, 28, 29, 31, 30, 28, 29, 30, 50, 51]
[0, 33, 28, 29, 31, 28, 29, 31, 30, 28, 29, 30, 34, 51]
[0, 28, 29, 31, 28, 29, 31, 28, 29, 34, 50, 51]
[0, 28, 29, 31, 28, 30, 31, 29, 28, 26, 34, 51]
[0, 28, 29, 31, 28, 29, 31, 28, 26, 34, 32, 51]
[0, 28, 29, 31, 28, 29, 31, 28, 26, 32, 34, 51]
[0, 14, 47, 11, 12, 47, 16, 11, 12, 51]
[0, 21, 19, 23, 21, 19, 22, 51]
[0, 47, 14, 11, 47, 16, 11, 15, 16, 51]
[0, 14, 12, 11, 16, 15, 11, 16, 51]
[0, 47, 14, 11, 47, 16, 11, 12, 16, 51]
[0, 47, 14, 12, 47, 16, 11, 12, 16, 9, 51]
[0, 14, 12, 47, 16, 11, 12, 16, 10, 51]
[0, 33, 31, 27, 29, 31, 28, 30, 31, 29, 30, 34, 51]
[0, 28, 29, 31, 28, 29, 31, 30, 28, 29, 34, 50, 51]
[0, 33, 28, 29, 31, 28, 30, 31, 29, 28, 26, 34, 51]
[0, 28, 29, 31, 28, 30, 31, 29, 28, 26, 34, 32, 51]
[0, 28, 29, 31, 28, 30, 31, 29, 28, 26, 32, 34, 51]
[0, 14, 47, 11, 15, 16, 11, 15, 16, 51]
[0, 14, 47, 11, 12, 16, 11, 15, 16, 51]
[0, 14, 11, 12, 47, 16, 15, 11, 16, 51]
[0, 14, 47, 11, 12, 16, 11, 12, 16, 51]
[0, 14, 11, 12, 47, 16, 11, 12, 16, 51]
[0, 47, 14, 12, 47, 16, 11, 12, 16, 10, 51]
[0, 33, 28, 29, 31, 28, 29, 31, 30, 28, 29, 34, 50, 51]
[0, 33, 28, 29, 31, 28, 30, 31, 29, 28, 30, 26, 34, 51]
[0, 28, 29, 31, 28, 29, 31, 28, 26, 34, 50, 51]
[0, 33, 28, 29, 31, 28, 30, 31, 29, 28, 26, 34, 32, 51]
[0, 28, 31, 27, 28, 31, 34, 26, 32, 34, 51]
[0, 31, 28, 27, 31, 28, 26, 34, 32, 26, 51]
[0, 23, 19, 21, 23, 19, 22, 51]
[0, 14, 47, 11, 12, 47, 16, 15, 11, 16, 51]
[0, 23, 21, 19, 23, 21, 19, 23, 51]
[0, 23, 19, 21, 23, 19, 21, 23, 51]
[0, 14, 47, 11, 12, 47, 16, 11, 12, 16, 51]
[0, 14, 12, 47, 16, 11, 12, 16, 9, 10, 51]
[0, 33, 28, 29, 31, 28, 29, 31, 30, 28, 29, 30, 34, 50, 51]
[0, 33, 28, 29, 31, 28, 29, 31, 30, 28, 29, 30, 26, 34, 51]
[0, 28, 29, 31, 28, 30, 31, 29, 28, 26, 34, 50, 51]
[0, 33, 28, 29, 31, 28, 30, 31, 29, 28, 30, 26, 34, 32, 51]
[0, 28, 29, 31, 28, 29, 31, 28, 34, 26, 32, 34, 51]
[0, 28, 29, 31, 28, 29, 31, 28, 26, 34, 32, 26, 51]
[0, 49, 51]
[0, 15, 51]
[0, 33, 28, 51]
[0, 28, 33, 51]
[0, 18, 51]
[0, 33, 49, 51]
[0, 28, 49, 51]
[0, 43, 51]
[0, 49, 24, 51]
[0, 47, 15, 51]
[0, 15, 47, 51]
[0, 33, 28, 30, 51]
[0, 18, 49, 51]
[0, 15, 12, 51]
[0, 12, 15, 51]
[0, 15, 9, 51]
[0, 33, 28, 30, 33, 51]
[0, 28, 33, 30, 28, 51]
[0, 33, 18, 49, 51]
[0, 28, 18, 49, 51]
[0, 18, 49, 24, 51]
[0, 47, 15, 12, 51]
[0, 15, 47, 12, 51]
[0, 47, 15, 9, 51]
[0, 33, 31, 28, 33, 51]
[0, 33, 28, 31, 33, 51]
[0, 19, 49, 51]
[0, 15, 12, 49, 51]
[0, 33, 28, 31, 49, 51]
[0, 15, 18, 49, 51]
[0, 33, 28, 18, 49, 51]
[0, 49, 18, 20, 49, 51]
[0, 28, 18, 49, 24, 51]
[0, 15, 11, 51]
[0, 11, 15, 51]
[0, 47, 15, 12, 47, 51]
[0, 12, 15, 9, 51]
[0, 18, 19, 51]
[0, 23, 18, 49, 51]
[0, 18, 21, 49, 18, 51]
[0, 33, 49, 18, 20, 49, 51]
[0, 49, 18, 20, 49, 24, 51]
[0, 49, 18, 25, 24, 51]
[0, 47, 15, 11, 51]
[0, 11, 15, 47, 51]
[0, 47, 15, 14, 47, 15, 51]
[0, 15, 47, 16, 15, 51]
[0, 12, 47, 15, 12, 51]
[0, 15, 47, 12, 15, 51]
[0, 12, 47, 15, 9, 51]
[0, 18, 19, 49, 51]
[0, 15, 49, 18, 20, 49, 51]
[0, 33, 49, 18, 20, 49, 24, 51]
[0, 43, 37, 35, 43, 51]
[0, 15, 11, 12, 51]
[0, 11, 15, 12, 51]
[0, 15, 14, 47, 15, 12, 51]
[0, 12, 15, 16, 12, 51]
[0, 47, 15, 12, 47, 15, 51]
[0, 19, 21, 18, 49, 51]
[0, 33, 18, 49, 22, 51]
[0, 33, 19, 18, 49, 51]
[0, 18, 23, 49, 18, 51]
[0, 18, 21, 49, 18, 20, 49, 51]
[0, 15, 49, 18, 20, 49, 24, 51]
[0, 28, 43, 37, 35, 43, 51]
[0, 47, 15, 11, 12, 51]
[0, 11, 15, 47, 12, 51]
[0, 47, 15, 14, 47, 15, 12, 51]
[0, 15, 47, 16, 15, 12, 51]
[0, 15, 12, 47, 15, 12, 51]
[0, 15, 47, 12, 15, 9, 51]
[0, 21, 19, 18, 21, 49, 51]
[0, 18, 21, 23, 18, 49, 51]
[0, 18, 19, 49, 18, 51]
[0, 18, 21, 49, 18, 20, 49, 24, 51]
[0, 33, 28, 43, 37, 35, 43, 51]
[0, 47, 11, 15, 47, 12, 51]
[0, 15, 11, 16, 15, 51]
[0, 12, 15, 11, 12, 51]
[0, 15, 11, 12, 15, 51]
[0, 47, 15, 12, 47, 15, 12, 51]
[0, 47, 15, 12, 47, 15, 9, 51]
[0, 23, 18, 19, 49, 51]
[0, 18, 21, 19, 18, 49, 51]
[0, 18, 23, 49, 18, 20, 49, 51]
[0, 18, 19, 49, 18, 24, 51]
[0, 5, 44, 43, 37, 35, 43, 51]
[0, 5, 8, 43, 37, 35, 43, 51]
[0, 28, 43, 35, 37, 43, 35, 51]
[0, 47, 15, 11, 16, 15, 51]
[0, 15, 47, 16, 15, 11, 51]
[0, 11, 12, 47, 15, 12, 51]
[0, 47, 15, 11, 12, 15, 51]
[0, 47, 15, 12, 16, 15, 12, 51]
[0, 15, 12, 47, 16, 15, 12, 51]
[0, 15, 12, 47, 16, 15, 9, 51]
[0, 15, 12, 47, 15, 12, 9, 51]
[0, 18, 19, 22, 49, 51]
[0, 18, 19, 49, 22, 51]
[0, 22, 19, 18, 49, 51]
[0, 21, 19, 18, 21, 49, 18, 51]
[0, 18, 19, 49, 18, 20, 49, 51]
[0, 18, 23, 49, 18, 20, 49, 24, 51]
[0, 33, 28, 31, 43, 37, 35, 43, 51]
[0, 33, 28, 43, 35, 37, 43, 35, 51]
[0, 11, 12, 15, 11, 51]
[0, 15, 11, 16, 15, 12, 51]
[0, 15, 12, 11, 15, 12, 51]
[0, 47, 15, 12, 47, 16, 15, 12, 51]
[0, 47, 15, 12, 47, 16, 15, 9, 51]
[0, 47, 15, 12, 47, 15, 12, 9, 51]
[0, 19, 21, 18, 19, 49, 51]
[0, 23, 18, 21, 23, 18, 49, 51]
[0, 18, 23, 19, 18, 49, 51]
[0, 21, 18, 19, 49, 18, 20, 49, 51]
[0, 18, 19, 49, 18, 20, 49, 24, 51]
[0, 47, 15, 12, 43, 37, 35, 43, 51]
[0, 15, 47, 12, 43, 37, 35, 43, 51]
[0, 5, 44, 43, 35, 37, 43, 35, 51]
[0, 47, 11, 12, 15, 11, 51]
[0, 47, 15, 11, 16, 15, 12, 51]
[0, 47, 15, 12, 11, 15, 12, 51]
[0, 15, 47, 12, 15, 11, 12, 51]
[0, 15, 47, 12, 15, 11, 9, 51]
[0, 11, 15, 47, 12, 15, 9, 51]
[0, 47, 15, 12, 16, 15, 12, 9, 51]
[0, 15, 12, 47, 16, 15, 12, 9, 51]
[0, 23, 19, 18, 23, 49, 51]
[0, 19, 18, 21, 23, 18, 49, 51]
[0, 18, 19, 22, 18, 49, 51]
[0, 18, 19, 22, 49, 18, 51]
[0, 21, 18, 19, 49, 18, 20, 49, 24, 51]
[0, 5, 44, 38, 43, 37, 35, 43, 51]
[0, 33, 28, 31, 43, 35, 37, 43, 35, 51]
[0, 15, 11, 16, 15, 11, 51]
[0, 11, 12, 15, 11, 12, 51]
[0, 47, 11, 15, 47, 16, 15, 12, 51]
[0, 47, 15, 12, 47, 15, 11, 12, 51]
[0, 47, 15, 12, 47, 15, 11, 9, 51]
[0, 15, 12, 11, 15, 12, 9, 51]
[0, 47, 15, 12, 47, 16, 15, 12, 9, 51]
[0, 19, 23, 18, 19, 49, 51]
[0, 19, 18, 21, 19, 18, 49, 51]
[0, 23, 18, 19, 49, 18, 20, 49, 51]
[0, 38, 40, 44, 43, 37, 35, 43, 51]
[0, 18, 19, 49, 18, 20, 49, 25, 24, 51]
[0, 47, 15, 12, 43, 35, 37, 43, 35, 51]
[0, 47, 15, 11, 16, 15, 11, 51]
[0, 47, 11, 12, 15, 11, 12, 51]
[0, 47, 15, 11, 12, 15, 11, 51]
[0, 47, 15, 11, 12, 15, 16, 12, 51]
[0, 15, 12, 47, 16, 15, 11, 12, 51]
[0, 15, 12, 47, 16, 15, 11, 9, 51]
[0, 15, 47, 16, 15, 12, 11, 9, 51]
[0, 47, 15, 12, 11, 15, 12, 9, 51]
[0, 15, 47, 12, 15, 11, 12, 9, 51]
[0, 19, 23, 21, 18, 19, 49, 51]
[0, 21, 19, 18, 21, 19, 18, 49, 51]
[0, 23, 19, 18, 23, 49, 18, 51]
[0, 18, 19, 22, 49, 18, 20, 49, 51]
[0, 23, 18, 19, 49, 18, 20, 49, 24, 51]
[0, 5, 38, 40, 43, 37, 35, 43, 51]
[0, 18, 19, 49, 18, 20, 49, 48, 25, 24, 51]
[0, 5, 44, 38, 43, 35, 37, 43, 35, 51]
[0, 18, 23, 49, 18, 20, 49, 24, 25, 48, 24, 51]
[0, 15, 11, 16, 15, 11, 12, 51]
[0, 15, 11, 12, 15, 11, 12, 51]
[0, 47, 15, 12, 47, 16, 15, 11, 12, 51]
[0, 47, 15, 12, 47, 16, 15, 11, 9, 51]
[0, 47, 15, 12, 47, 15, 11, 12, 9, 51]
[0, 19, 21, 18, 19, 22, 49, 51]
[0, 19, 21, 18, 19, 49, 22, 51]
[0, 19, 23, 18, 21, 23, 18, 49, 51]
[0, 19, 18, 23, 19, 18, 49, 51]
[0, 19, 21, 18, 19, 49, 18, 20, 49, 51]
[0, 18, 19, 22, 49, 18, 20, 49, 24, 51]
[0, 5, 44, 38, 40, 43, 37, 35, 43, 51]
[0, 38, 40, 44, 43, 35, 37, 43, 35, 51]
[0, 18, 19, 49, 18, 20, 49, 24, 25, 48, 24, 51]
[0, 47, 15, 11, 16, 15, 11, 12, 51]
[0, 47, 15, 11, 12, 15, 11, 12, 51]
[0, 47, 15, 11, 12, 15, 11, 9, 51]
[0, 11, 15, 47, 12, 11, 15, 9, 51]
[0, 47, 15, 11, 12, 15, 16, 12, 9, 51]
[0, 15, 12, 47, 16, 15, 11, 12, 9, 51]
[0, 23, 19, 18, 23, 19, 49, 51]
[0, 19, 18, 21, 23, 18, 49, 22, 51]
[0, 19, 23, 18, 21, 19, 18, 49, 51]
[0, 19, 18, 21, 23, 19, 18, 49, 51]
[0, 23, 19, 18, 23, 49, 18, 20, 49, 51]
[0, 19, 21, 18, 19, 49, 18, 20, 49, 24, 51]
[0, 38, 40, 44, 38, 43, 37, 35, 43, 51]
[0, 23, 18, 19, 49, 18, 20, 49, 25, 24, 51]
[0, 5, 38, 40, 43, 35, 37, 43, 35, 51]
[0, 21, 18, 19, 49, 18, 20, 49, 24, 25, 48, 24, 51]
[0, 18, 19, 49, 18, 20, 49, 25, 48, 24, 25, 51]
[0, 47, 11, 15, 47, 16, 15, 11, 12, 51]
[0, 15, 11, 12, 16, 15, 11, 12, 51]
[0, 15, 11, 12, 16, 15, 11, 9, 51]
[0, 47, 11, 15, 47, 12, 11, 15, 9, 51]
[0, 15, 11, 12, 15, 11, 12, 9, 51]
[0, 47, 15, 12, 47, 16, 15, 11, 12, 9, 51]
[0, 19, 23, 18, 19, 22, 49, 51]
[0, 19, 23, 18, 19, 49, 22, 51]
[0, 19, 21, 23, 18, 21, 19, 18, 49, 51]
[0, 19, 18, 21, 19, 18, 49, 22, 51]
[0, 19, 23, 18, 19, 49, 18, 20, 49, 51]
[0, 23, 19, 18, 23, 49, 18, 20, 49, 24, 51]
[0, 44, 38, 40, 44, 38, 43, 37, 35, 43, 51]
[0, 18, 19, 22, 49, 18, 20, 49, 25, 24, 51]
[0, 23, 18, 19, 49, 18, 20, 49, 48, 25, 24, 51]
[0, 5, 44, 38, 40, 43, 35, 37, 43, 35, 51]
[0, 21, 18, 19, 49, 18, 20, 49, 25, 48, 24, 25, 51]
[0, 47, 15, 11, 12, 16, 15, 11, 12, 51]
[0, 47, 15, 11, 12, 16, 15, 11, 9, 51]
[0, 47, 15, 11, 12, 15, 11, 12, 9, 51]
[0, 19, 23, 21, 18, 19, 22, 49, 51]
[0, 19, 23, 21, 18, 19, 49, 22, 51]
[0, 21, 19, 18, 21, 19, 18, 49, 22, 51]
[0, 23, 19, 18, 23, 19, 18, 49, 51]
[0, 19, 23, 21, 18, 19, 49, 18, 20, 49, 51]
[0, 19, 23, 18, 19, 49, 18, 20, 49, 24, 51]
[0, 5, 38, 44, 40, 38, 43, 37, 35, 43, 51]
[0, 19, 21, 18, 19, 49, 18, 20, 49, 25, 24, 51]
[0, 38, 40, 44, 38, 43, 35, 37, 43, 35, 51]
[0, 23, 18, 19, 49, 18, 20, 49, 24, 25, 48, 24, 51]
[0, 30, 51]
[0, 37, 51]
[0, 33, 30, 51]
[0, 30, 33, 51]
[0, 49, 20, 51]
[0, 20, 49, 51]
[0, 44, 37, 51]
[0, 33, 27, 51]
[0, 27, 30, 51]
[0, 10, 51]
[0, 33, 27, 29, 51]
[0, 39, 44, 41, 51]
[0, 33, 27, 30, 51]
[0, 27, 30, 33, 51]
[0, 47, 10, 51]
[0, 8, 10, 51]
[0, 49, 10, 51]
[0, 10, 13, 51]
[0, 39, 44, 38, 51]
[0, 39, 38, 44, 51]
[0, 39, 42, 44, 41, 51]
[0, 33, 27, 29, 30, 51]
[0, 33, 27, 30, 33, 51]
[0, 30, 27, 29, 30, 51]
[0, 15, 10, 51]
[0, 8, 10, 13, 51]
[0, 49, 10, 13, 51]
[0, 42, 39, 38, 44, 51]
[0, 44, 38, 41, 51]
[0, 33, 31, 27, 30, 51]
[0, 33, 28, 27, 29, 30, 51]
[0, 33, 29, 27, 30, 29, 51]
[0, 27, 29, 30, 27, 51]
[0, 33, 30, 27, 29, 30, 51]
[0, 27, 30, 50, 51]
[0, 15, 10, 13, 51]
[0, 39, 38, 44, 41, 51]
[0, 33, 27, 29, 30, 28, 29, 51]
[0, 27, 30, 31, 29, 30, 51]
[0, 27, 28, 29, 27, 30, 51]
[0, 27, 29, 30, 27, 29, 51]
[0, 33, 27, 29, 30, 27, 51]
[0, 27, 30, 29, 27, 30, 51]
[0, 47, 15, 10, 13, 51]
[0, 39, 44, 8, 10, 13, 51]
[0, 33, 30, 27, 29, 30, 37, 51]
[0, 10, 4, 51]
[0, 39, 42, 44, 38, 41, 51]
[0, 27, 29, 31, 27, 30, 51]
[0, 33, 27, 30, 31, 29, 30, 51]
[0, 33, 27, 29, 30, 27, 29, 51]
[0, 33, 27, 30, 29, 27, 30, 51]
[0, 30, 27, 29, 30, 50, 51]
[0, 27, 30, 29, 27, 30, 37, 51]
[0, 15, 14, 11, 15, 51]
[0, 15, 47, 11, 15, 51]
[0, 47, 15, 14, 47, 15, 9, 51]
[0, 33, 27, 29, 31, 27, 29, 51]
[0, 27, 29, 31, 27, 29, 30, 51]
[0, 33, 27, 29, 30, 31, 29, 30, 51]
[0, 33, 27, 29, 31, 27, 30, 51]
[0, 33, 27, 29, 30, 28, 27, 29, 51]
[0, 27, 31, 30, 27, 29, 30, 51]
[0, 33, 27, 29, 30, 27, 29, 30, 51]
[0, 33, 30, 27, 29, 30, 50, 51]
[0, 33, 27, 30, 29, 27, 30, 37, 51]
[0, 15, 14, 47, 15, 11, 51]
[0, 47, 15, 11, 47, 15, 51]
[0, 39, 42, 36, 39, 44, 41, 51]
[0, 39, 38, 44, 41, 38, 51]
[0, 33, 27, 29, 31, 27, 29, 30, 51]
[0, 27, 29, 31, 30, 27, 29, 30, 51]
[0, 33, 27, 29, 30, 28, 27, 29, 30, 51]
[0, 27, 30, 29, 27, 30, 50, 51]
[0, 27, 30, 29, 27, 30, 37, 35, 51]
[0, 47, 15, 14, 47, 15, 11, 51]
[0, 39, 36, 38, 44, 41, 51]
[0, 15, 47, 11, 15, 9, 51]
[0, 42, 39, 38, 44, 41, 38, 51]
[0, 33, 28, 27, 29, 31, 27, 29, 30, 51]
[0, 27, 29, 31, 30, 29, 27, 28, 30, 51]
[0, 33, 27, 29, 30, 31, 29, 27, 30, 51]
[0, 33, 27, 30, 29, 27, 30, 50, 51]
[0, 33, 27, 30, 29, 27, 30, 37, 35, 51]
[0, 14, 47, 15, 14, 47, 15, 11, 51]
[0, 42, 39, 36, 38, 44, 41, 51]
[0, 47, 15, 11, 47, 15, 9, 51]
[0, 27, 29, 31, 30, 27, 29, 31, 30, 51]
[0, 33, 27, 29, 31, 30, 28, 27, 29, 30, 51]
[0, 33, 27, 29, 30, 27, 29, 30, 50, 51]
[0, 33, 30, 27, 29, 30, 34, 50, 51]
[0, 30, 27, 26, 34, 50, 51]
[0, 15, 11, 47, 15, 11, 51]
[0, 39, 42, 36, 39, 38, 44, 41, 51]
[0, 27, 29, 31, 30, 29, 31, 27, 29, 30, 51]
[0, 33, 27, 29, 30, 28, 27, 29, 30, 50, 51]
[0, 27, 30, 29, 27, 30, 34, 50, 51]
[0, 47, 15, 11, 47, 15, 11, 51]
[0, 5, 2, 45, 5, 2, 7, 8, 51]
[0, 5, 2, 45, 5, 2, 8, 7, 51]
[0, 2, 5, 7, 8, 6, 7, 8, 46, 51]
[0, 33, 27, 29, 30, 31, 29, 27, 30, 50, 51]
[0, 33, 27, 30, 29, 27, 30, 34, 50, 51]
[0, 30, 27, 29, 30, 26, 34, 50, 51]
[0, 14, 47, 15, 11, 47, 15, 11, 51]
[0, 15, 11, 47, 15, 11, 9, 51]
[0, 11, 15, 47, 11, 15, 9, 51]
[0, 5, 2, 45, 5, 2, 7, 8, 46, 51]
[0, 33, 27, 29, 31, 30, 28, 27, 29, 30, 50, 51]
[0, 33, 31, 29, 27, 28, 30, 27, 29, 30, 50, 51]
[0, 33, 27, 29, 30, 27, 29, 30, 34, 50, 51]
[0, 33, 30, 27, 29, 30, 26, 34, 50, 51]
[0, 36, 39, 42, 36, 38, 44, 41, 51]
[0, 47, 15, 11, 47, 15, 11, 9, 51]
[0, 5, 45, 2, 5, 45, 2, 7, 8, 46, 51]
[0, 47, 15, 14, 47, 15, 11, 9, 10, 51]
[0, 33, 27, 29, 30, 28, 27, 29, 30, 34, 50, 51]
[0, 27, 30, 29, 27, 30, 26, 34, 50, 51]
[0, 14, 47, 15, 11, 47, 15, 11, 9, 51]
[0, 5, 45, 2, 5, 7, 8, 6, 7, 8, 46, 51]
[0, 47, 15, 11, 47, 15, 11, 10, 51]
[0, 33, 27, 29, 30, 31, 29, 27, 30, 34, 50, 51]
[0, 33, 27, 30, 29, 27, 30, 26, 34, 50, 51]
[0, 47, 11, 15, 47, 16, 15, 11, 9, 51]
[0, 5, 2, 45, 5, 2, 8, 6, 7, 8, 46, 51]
[0, 11, 15, 47, 11, 15, 9, 10, 51]
[0, 33, 31, 29, 27, 28, 30, 27, 29, 30, 34, 50, 51]
[0, 33, 27, 29, 30, 27, 29, 30, 26, 34, 50, 51]
[0, 14, 47, 11, 15, 47, 16, 15, 11, 9, 51]
[0, 5, 2, 45, 5, 2, 7, 8, 6, 7, 8, 51]
[0, 5, 45, 2, 5, 45, 2, 8, 7, 6, 8, 46, 51]
[0, 47, 15, 11, 47, 15, 11, 9, 10, 51]
[0, 33, 31, 27, 29, 30, 31, 29, 27, 30, 34, 50, 51]
[0, 33, 27, 29, 30, 28, 27, 29, 30, 26, 34, 50, 51]
[0, 32, 51]
[0, 48, 51]
[0, 41, 51]
[0, 8, 46, 51]
[0, 21, 20, 51]
[0, 33, 32, 51]
[0, 20, 48, 51]
[0, 21, 49, 20, 51]
[0, 41, 37, 51]
[0, 29, 33, 32, 51]
[0, 21, 20, 48, 51]
[0, 22, 51]
[0, 39, 41, 37, 51]
[0, 8, 46, 1, 51]
[0, 21, 49, 20, 48, 51]
[0, 21, 22, 51]
[0, 22, 20, 51]
[0, 33, 29, 30, 33, 32, 51]
[0, 33, 32, 34, 51]
[0, 22, 48, 51]
[0, 39, 38, 41, 51]
[0, 33, 31, 29, 30, 33, 51]
[0, 21, 22, 49, 51]
[0, 21, 49, 22, 51]
[0, 21, 22, 20, 51]
[0, 33, 29, 30, 33, 29, 32, 51]
[0, 29, 33, 32, 34, 51]
[0, 22, 20, 48, 51]
[0, 42, 39, 38, 41, 51]
[0, 23, 22, 51]
[0, 21, 49, 22, 20, 51]
[0, 33, 29, 31, 33, 29, 32, 51]
[0, 46, 4, 1, 51]
[0, 21, 22, 20, 48, 51]
[0, 21, 23, 22, 51]
[0, 23, 22, 20, 51]
[0, 21, 49, 22, 20, 49, 51]
[0, 46, 8, 3, 46, 4, 51]
[0, 33, 29, 30, 33, 34, 32, 51]
[0, 33, 29, 30, 33, 32, 34, 51]
[0, 21, 22, 20, 49, 48, 51]
[0, 23, 18, 22, 51]
[0, 14, 23, 21, 22, 51]
[0, 21, 23, 22, 49, 51]
[0, 23, 21, 49, 22, 51]
[0, 21, 23, 22, 20, 51]
[0, 33, 29, 30, 33, 29, 34, 32, 51]
[0, 33, 29, 30, 33, 29, 32, 34, 51]
[0, 21, 49, 22, 20, 49, 48, 51]
[0, 39, 36, 38, 41, 51]
[0, 23, 21, 18, 22, 51]
[0, 18, 21, 23, 22, 51]
[0, 23, 21, 49, 22, 20, 51]
[0, 33, 29, 31, 33, 29, 34, 32, 51]
[0, 33, 29, 31, 33, 29, 32, 34, 51]
[0, 46, 8, 3, 46, 4, 1, 51]
[0, 21, 23, 22, 20, 48, 51]
[0, 22, 20, 48, 24, 25, 48, 51]
[0, 42, 39, 36, 38, 41, 51]
[0, 21, 23, 18, 21, 22, 51]
[0, 18, 21, 23, 22, 20, 51]
[0, 23, 21, 49, 22, 20, 49, 51]
[0, 8, 7, 46, 8, 3, 46, 4, 51]
[0, 33, 29, 30, 33, 31, 29, 34, 32, 51]
[0, 33, 29, 31, 33, 29, 30, 32, 34, 51]
[0, 45, 46, 8, 3, 46, 4, 1, 51]
[0, 21, 23, 22, 20, 49, 48, 51]
[0, 21, 22, 20, 48, 24, 25, 48, 51]
[0, 39, 42, 36, 39, 38, 41, 51]
[0, 19, 21, 23, 22, 51]
[0, 21, 23, 18, 21, 49, 22, 51]
[0, 21, 22, 18, 49, 22, 51]
[0, 21, 23, 18, 21, 22, 20, 51]
[0, 33, 31, 29, 33, 31, 29, 34, 32, 51]
[0, 33, 31, 29, 33, 31, 29, 32, 34, 51]
[0, 8, 3, 46, 8, 3, 46, 4, 1, 51]
[0, 23, 21, 49, 22, 20, 49, 48, 51]
[0, 21, 22, 20, 49, 48, 24, 25, 48, 51]
[0, 21, 19, 23, 21, 22, 51]
[0, 23, 18, 21, 23, 22, 51]
[0, 21, 22, 18, 49, 22, 20, 51]
[0, 33, 29, 31, 33, 29, 26, 34, 32, 51]
[0, 33, 29, 31, 33, 29, 26, 32, 34, 51]
[0, 8, 7, 46, 8, 3, 46, 4, 1, 51]
[0, 21, 23, 18, 21, 22, 20, 48, 51]
[0, 21, 49, 22, 20, 49, 48, 24, 25, 48, 51]
[0, 14, 47, 15, 14, 12, 47, 16, 15, 9, 51]
[0, 12, 15, 16, 12, 11, 9, 51]
[0, 23, 21, 18, 19, 22, 51]
[0, 21, 23, 18, 21, 23, 22, 51]
[0, 23, 18, 21, 23, 22, 20, 51]
[0, 21, 22, 18, 49, 22, 20, 49, 51]
[0, 2, 8, 7, 46, 8, 3, 46, 4, 51]
[0, 33, 29, 30, 33, 31, 29, 26, 34, 32, 51]
[0, 33, 29, 30, 33, 34, 26, 32, 34, 51]
[0, 45, 8, 7, 46, 8, 3, 46, 4, 1, 51]
[0, 21, 22, 18, 49, 22, 20, 48, 51]
[0, 21, 23, 22, 20, 48, 24, 25, 48, 51]
[0, 23, 19, 21, 23, 22, 51]
[0, 23, 21, 18, 23, 21, 49, 22, 51]
[0, 21, 23, 22, 18, 49, 22, 51]
[0, 21, 23, 18, 21, 23, 22, 20, 51]
[0, 33, 29, 30, 33, 29, 34, 26, 32, 34, 51]
[0, 21, 22, 18, 49, 22, 20, 49, 48, 51]
[0, 21, 23, 22, 20, 49, 48, 24, 25, 48, 51]
[0, 15, 14, 12, 47, 16, 15, 11, 9, 51]
[0, 14, 15, 47, 16, 15, 12, 11, 9, 51]
[0, 21, 23, 19, 21, 23, 22, 51]
[0, 23, 21, 18, 23, 21, 18, 22, 51]
[0, 21, 23, 22, 18, 49, 22, 20, 51]
[0, 33, 29, 31, 33, 29, 34, 26, 32, 34, 51]
[0, 21, 23, 18, 21, 23, 22, 20, 48, 51]
[0, 23, 21, 49, 22, 20, 49, 48, 24, 25, 48, 51]
[0, 14, 47, 15, 14, 12, 16, 15, 11, 9, 51]
[0, 23, 19, 21, 23, 18, 22, 51]
[0, 19, 23, 18, 21, 23, 22, 51]
[0, 21, 23, 19, 21, 23, 22, 49, 51]
[0, 21, 23, 22, 19, 49, 22, 51]
[0, 23, 21, 18, 23, 21, 18, 49, 22, 51]
[0, 23, 21, 18, 23, 21, 18, 22, 20, 51]
[0, 21, 23, 22, 18, 49, 22, 20, 49, 51]
[0, 33, 29, 30, 33, 31, 29, 34, 26, 32, 34, 51]
[0, 21, 23, 22, 18, 49, 22, 20, 48, 51]
[0, 21, 23, 18, 21, 22, 20, 48, 24, 25, 48, 51]
[0, 14, 47, 15, 14, 12, 47, 16, 15, 11, 9, 51]
[0, 23, 21, 19, 23, 21, 18, 22, 51]
[0, 19, 21, 23, 18, 21, 23, 22, 51]
[0, 21, 23, 22, 19, 18, 22, 51]
[0, 23, 21, 18, 23, 21, 18, 49, 22, 20, 51]
[0, 33, 31, 29, 33, 31, 29, 34, 26, 32, 34, 51]
[0, 21, 23, 22, 18, 49, 22, 20, 49, 48, 51]
[0, 21, 22, 18, 49, 22, 20, 48, 24, 25, 48, 51]
[0, 14, 15, 11, 12, 16, 15, 11, 9, 51]
[0, 11, 15, 47, 16, 15, 11, 12, 9, 51]
[0, 14, 47, 15, 14, 12, 11, 15, 16, 12, 9, 51]
[0, 21, 23, 19, 21, 23, 18, 21, 22, 51]
[0, 21, 23, 22, 19, 18, 22, 20, 51]
[0, 23, 21, 18, 23, 21, 18, 49, 22, 20, 49, 51]
[0, 33, 31, 29, 30, 33, 31, 29, 34, 26, 32, 34, 51]
[0, 23, 21, 18, 23, 21, 18, 22, 20, 49, 48, 51]
[0, 21, 23, 22, 18, 49, 22, 20, 48, 25, 51]
[0, 21, 22, 18, 49, 22, 20, 49, 48, 24, 25, 48, 51]
[0, 44, 41, 51]
[0, 42, 44, 41, 51]
[0, 44, 41, 37, 51]
[0, 9, 17, 51]
[0, 5, 44, 41, 51]
[0, 33, 27, 28, 33, 51]
[0, 9, 10, 51]
[0, 42, 44, 41, 37, 51]
[0, 33, 28, 30, 33, 32, 51]
[0, 10, 17, 51]
[0, 9, 13, 17, 51]
[0, 45, 5, 44, 41, 51]
[0, 44, 40, 41, 51]
[0, 5, 44, 41, 37, 51]
[0, 44, 41, 50, 51]
[0, 9, 10, 13, 51]
[0, 33, 27, 28, 33, 32, 51]
[0, 10, 13, 17, 51]
[0, 36, 44, 41, 51]
[0, 42, 44, 40, 41, 51]
[0, 33, 28, 30, 33, 50, 51]
[0, 9, 10, 17, 51]
[0, 42, 36, 44, 41, 51]
[0, 5, 44, 40, 41, 51]
[0, 33, 27, 28, 33, 50, 51]
[0, 9, 10, 13, 17, 51]
[0, 39, 36, 42, 44, 41, 51]
[0, 15, 14, 16, 15, 9, 51]
[0, 33, 28, 31, 33, 28, 50, 51]
[0, 33, 27, 28, 33, 50, 32, 51]
[0, 5, 3, 4, 1, 51]
[0, 5, 3, 1, 4, 51]
[0, 42, 36, 39, 42, 44, 41, 51]
[0, 15, 12, 16, 15, 9, 51]
[0, 36, 44, 40, 41, 51]
[0, 44, 38, 40, 44, 41, 51]
[0, 33, 27, 28, 33, 31, 50, 51]
[0, 33, 28, 31, 33, 28, 50, 32, 51]
[0, 44, 41, 3, 4, 1, 51]
[0, 44, 41, 3, 1, 4, 51]
[0, 15, 9, 10, 13, 17, 51]
[0, 15, 14, 12, 16, 15, 9, 51]
[0, 42, 44, 38, 40, 44, 41, 51]
[0, 44, 41, 38, 40, 41, 51]
[0, 33, 27, 28, 33, 31, 30, 50, 51]
[0, 33, 27, 28, 33, 34, 50, 51]
[0, 33, 28, 30, 33, 28, 26, 50, 51]
[0, 33, 27, 28, 33, 31, 50, 32, 51]
[0, 42, 44, 41, 3, 4, 1, 51]
[0, 42, 44, 41, 3, 1, 4, 51]
[0, 14, 15, 9, 10, 13, 17, 51]
[0, 15, 14, 12, 47, 16, 15, 9, 51]
[0, 39, 36, 42, 44, 40, 41, 51]
[0, 42, 39, 36, 40, 44, 41, 51]
[0, 42, 44, 41, 38, 40, 41, 51]
[0, 15, 14, 16, 15, 9, 10, 51]
[0, 33, 28, 31, 33, 28, 26, 50, 51]
[0, 5, 8, 7, 3, 4, 1, 51]
[0, 5, 8, 7, 3, 1, 4, 51]
[0, 14, 16, 15, 9, 10, 17, 51]
[0, 15, 16, 9, 10, 13, 17, 51]
[0, 36, 39, 42, 36, 44, 41, 51]
[0, 42, 36, 39, 42, 44, 40, 41, 51]
[0, 14, 15, 12, 16, 15, 12, 9, 51]
[0, 15, 14, 12, 15, 16, 12, 9, 51]
[0, 15, 14, 16, 15, 12, 16, 9, 51]
[0, 5, 44, 41, 38, 40, 41, 51]
[0, 15, 12, 16, 15, 9, 10, 51]
[0, 33, 27, 28, 33, 31, 34, 50, 51]
[0, 33, 27, 28, 33, 30, 28, 26, 50, 51]
[0, 44, 40, 41, 3, 4, 1, 51]
[0, 44, 40, 41, 3, 1, 4, 51]
[0, 14, 16, 15, 9, 10, 13, 17, 51]
[0, 42, 36, 39, 42, 36, 44, 41, 51]
[0, 36, 44, 38, 40, 44, 41, 51]
[0, 45, 5, 44, 41, 38, 40, 41, 51]
[0, 44, 40, 41, 38, 40, 41, 51]
[0, 15, 14, 12, 16, 15, 9, 10, 51]
[0, 33, 31, 28, 33, 30, 27, 26, 50, 51]
[0, 33, 27, 28, 33, 31, 50, 32, 34, 51]
[0, 45, 5, 3, 8, 6, 3, 4, 1, 51]
[0, 45, 5, 3, 8, 6, 3, 1, 4, 51]
[0, 15, 14, 16, 15, 9, 10, 17, 51]
[0, 15, 14, 12, 16, 15, 11, 9, 51]
[0, 42, 36, 44, 38, 40, 44, 41, 51]
[0, 36, 44, 41, 38, 40, 41, 51]
[0, 42, 44, 40, 41, 38, 40, 41, 51]
[0, 15, 12, 16, 15, 12, 9, 10, 51]
[0, 44, 40, 41, 38, 40, 41, 37, 51]
[0, 33, 28, 31, 33, 28, 26, 34, 50, 51]
[0, 5, 45, 6, 7, 8, 3, 4, 1, 51]
[0, 5, 45, 6, 7, 8, 3, 1, 4, 51]
[0, 15, 12, 16, 15, 9, 10, 17, 51]
[0, 15, 14, 16, 15, 9, 10, 13, 17, 51]
[0, 36, 39, 42, 36, 44, 40, 41, 51]
[0, 39, 36, 42, 44, 38, 40, 44, 41, 51]
[0, 42, 36, 44, 41, 38, 40, 41, 51]
[0, 5, 44, 40, 41, 38, 40, 41, 51]
[0, 15, 14, 16, 15, 12, 16, 9, 10, 51]
[0, 33, 27, 28, 33, 30, 28, 26, 34, 50, 51]
[0, 5, 45, 8, 6, 7, 8, 3, 4, 1, 51]
[0, 5, 45, 8, 6, 7, 8, 3, 1, 4, 51]
[0, 15, 14, 12, 16, 15, 9, 10, 17, 51]
[0, 15, 12, 16, 15, 9, 10, 13, 17, 51]
[0, 42, 36, 39, 42, 36, 44, 40, 41, 51]
[0, 42, 36, 39, 42, 44, 38, 40, 44, 41, 51]
[0, 39, 36, 42, 44, 41, 38, 40, 41, 51]
[0, 45, 5, 44, 40, 41, 38, 40, 41, 51]
[0, 15, 12, 16, 15, 12, 16, 9, 10, 51]
[0, 33, 31, 28, 33, 30, 27, 26, 34, 50, 51]
[0, 15, 14, 16, 15, 12, 16, 9, 10, 13, 51]
[0, 44, 40, 41, 38, 40, 41, 37, 35, 51]
[0, 44, 40, 41, 38, 40, 41, 35, 37, 51]
[0, 44, 38, 40, 44, 41, 3, 4, 1, 51]
[0, 44, 38, 40, 44, 41, 3, 1, 4, 51]
[0, 15, 14, 12, 16, 15, 9, 10, 13, 17, 51]
[0, 11, 15, 16, 11, 15, 16, 9, 51]
[0, 42, 36, 44, 38, 40, 44, 38, 41, 51]
[0, 42, 36, 39, 42, 44, 41, 38, 40, 41, 51]
[0, 36, 44, 40, 41, 38, 40, 41, 51]
[0, 15, 14, 12, 16, 15, 12, 16, 9, 10, 51]
[0, 45, 5, 2, 45, 5, 3, 8, 6, 3, 4, 51]
[0, 42, 44, 40, 41, 38, 40, 41, 37, 35, 51]
[0, 42, 44, 40, 41, 38, 40, 41, 35, 37, 51]
[0, 42, 44, 38, 40, 44, 41, 3, 4, 1, 51]
[0, 42, 44, 38, 40, 44, 41, 3, 1, 4, 51]
[0, 15, 14, 16, 15, 12, 16, 9, 10, 17, 51]
[0, 15, 12, 16, 15, 12, 9, 10, 13, 17, 51]
[0, 36, 39, 42, 36, 44, 40, 38, 41, 51]
[0, 36, 39, 42, 36, 38, 40, 44, 41, 51]
[0, 39, 36, 42, 44, 38, 40, 44, 38, 41, 51]
[0, 15, 14, 12, 16, 15, 11, 12, 16, 9, 51]
[0, 42, 36, 38, 44, 41, 38, 40, 41, 51]
[0, 42, 36, 44, 40, 41, 38, 40, 41, 51]
[0, 42, 36, 44, 38, 40, 44, 41, 40, 37, 51]
[0, 36, 44, 40, 41, 38, 40, 41, 37, 51]
[0, 36, 44, 38, 40, 44, 41, 3, 4, 51]
[0, 15, 14, 12, 16, 15, 12, 16, 9, 10, 13, 51]
[0, 5, 45, 2, 5, 3, 8, 6, 3, 4, 1, 51]
[0, 5, 45, 2, 5, 3, 8, 6, 3, 1, 4, 51]
[0, 15, 12, 16, 15, 12, 16, 9, 10, 17, 51]
[0, 15, 14, 16, 15, 12, 16, 9, 10, 13, 17, 51]
[0, 14, 17, 51]
[0, 14, 47, 17, 51]
[0, 39, 44, 41, 37, 51]
[0, 12, 47, 17, 51]
[0, 14, 47, 17, 13, 51]
[0, 39, 36, 37, 51]
[0, 39, 41, 37, 43, 51]
[0, 39, 41, 37, 35, 51]
[0, 39, 41, 35, 37, 51]
[0, 11, 17, 51]
[0, 37, 43, 35, 37, 51]
[0, 42, 39, 36, 37, 51]
[0, 39, 44, 41, 37, 43, 51]
[0, 39, 44, 41, 37, 35, 51]
[0, 11, 47, 17, 51]
[0, 39, 37, 43, 35, 37, 51]
[0, 36, 39, 41, 37, 51]
[0, 39, 36, 37, 43, 51]
[0, 39, 36, 37, 35, 51]
[0, 39, 36, 35, 37, 51]
[0, 14, 11, 47, 17, 51]
[0, 41, 37, 43, 35, 37, 51]
[0, 39, 36, 44, 41, 37, 51]
[0, 39, 44, 41, 43, 35, 37, 51]
[0, 47, 14, 11, 47, 17, 51]
[0, 39, 41, 37, 43, 35, 37, 51]
[0, 39, 42, 36, 39, 41, 37, 51]
[0, 36, 39, 41, 37, 43, 51]
[0, 36, 39, 41, 37, 35, 51]
[0, 2, 46, 4, 1, 51]
[0, 14, 11, 12, 47, 17, 51]
[0, 39, 44, 41, 37, 43, 35, 37, 51]
[0, 39, 42, 36, 39, 44, 41, 37, 51]
[0, 39, 36, 44, 41, 37, 43, 51]
[0, 39, 36, 44, 41, 37, 35, 51]
[0, 39, 36, 44, 41, 35, 37, 51]
[0, 2, 45, 46, 4, 1, 51]
[0, 2, 45, 3, 1, 4, 51]
[0, 14, 47, 11, 12, 47, 17, 51]
[0, 39, 36, 37, 43, 35, 37, 51]
[0, 39, 36, 44, 41, 38, 37, 51]
[0, 39, 42, 36, 39, 41, 37, 43, 51]
[0, 39, 42, 36, 39, 41, 37, 35, 51]
[0, 39, 42, 36, 39, 41, 35, 37, 51]
[0, 2, 7, 46, 4, 1, 51]
[0, 14, 47, 15, 14, 47, 11, 17, 51]
[0, 42, 39, 36, 37, 43, 35, 37, 51]
[0, 2, 5, 45, 2, 7, 46, 3, 51]
[0, 39, 42, 36, 39, 41, 38, 37, 51]
[0, 39, 42, 36, 39, 44, 41, 37, 43, 51]
[0, 39, 42, 36, 39, 44, 41, 37, 35, 51]
[0, 39, 42, 36, 39, 44, 41, 35, 37, 51]
[0, 39, 36, 44, 41, 43, 35, 37, 51]
[0, 2, 7, 46, 3, 4, 1, 51]
[0, 2, 7, 46, 3, 1, 4, 51]
[0, 36, 39, 41, 37, 43, 35, 37, 51]
[0, 2, 5, 45, 2, 6, 7, 46, 51]
[0, 33, 31, 27, 30, 31, 27, 30, 50, 51]
[0, 22, 19, 49, 22, 20, 51]
[0, 39, 42, 36, 39, 44, 41, 38, 37, 51]
[0, 39, 36, 44, 41, 38, 37, 43, 51]
[0, 39, 36, 44, 41, 38, 37, 35, 51]
[0, 39, 36, 44, 41, 38, 35, 37, 51]
[0, 39, 42, 36, 39, 41, 43, 35, 37, 51]
[0, 2, 45, 7, 46, 3, 4, 1, 51]
[0, 2, 45, 7, 46, 3, 1, 4, 51]
[0, 14, 11, 12, 47, 11, 17, 51]
[0, 39, 36, 44, 41, 37, 43, 35, 37, 51]
[0, 33, 31, 27, 28, 30, 31, 27, 30, 50, 51]
[0, 42, 36, 39, 42, 36, 44, 41, 37, 51]
[0, 39, 42, 36, 39, 41, 38, 37, 43, 51]
[0, 33, 31, 27, 30, 31, 27, 30, 26, 32, 51]
[0, 39, 42, 36, 39, 41, 38, 37, 35, 51]
[0, 39, 42, 36, 39, 41, 38, 35, 37, 51]
[0, 39, 42, 36, 39, 44, 41, 43, 35, 37, 51]
[0, 2, 6, 7, 46, 3, 1, 4, 51]
[0, 14, 47, 11, 12, 47, 11, 17, 51]
[0, 39, 42, 36, 39, 41, 37, 43, 35, 37, 51]
[0, 14, 47, 11, 12, 47, 11, 10, 51]
[0, 36, 39, 42, 36, 38, 41, 37, 51]
[0, 39, 42, 36, 39, 44, 41, 38, 37, 43, 51]
[0, 2, 5, 45, 2, 7, 46, 4, 51]
[0, 39, 42, 36, 39, 44, 41, 38, 37, 35, 51]
[0, 39, 42, 36, 39, 44, 41, 38, 35, 37, 51]
[0, 2, 5, 45, 2, 46, 4, 1, 51]
[0, 14, 11, 12, 47, 11, 15, 17, 51]
[0, 39, 42, 36, 39, 44, 41, 37, 43, 35, 37, 51]
[0, 2, 5, 45, 2, 7, 8, 6, 7, 46, 51]
[0, 19, 21, 23, 19, 22, 20, 51]
[0, 36, 39, 42, 36, 44, 41, 38, 37, 51]
[0, 42, 36, 39, 42, 36, 44, 41, 37, 43, 51]
[0, 2, 5, 45, 2, 7, 46, 3, 4, 51]
[0, 2, 5, 45, 2, 7, 4, 1, 51]
[0, 14, 47, 11, 12, 47, 11, 15, 17, 51]
[0, 39, 36, 44, 41, 38, 37, 43, 35, 37, 51]
[0, 19, 21, 22, 19, 49, 22, 51]
[0, 14, 47, 11, 12, 47, 15, 11, 10, 51]
[0, 19, 21, 23, 19, 49, 22, 20, 51]
[0, 42, 36, 39, 42, 36, 44, 41, 38, 37, 51]
[0, 36, 39, 42, 36, 38, 41, 37, 43, 51]
[0, 2, 5, 45, 2, 6, 7, 46, 4, 51]
[0, 36, 39, 42, 36, 44, 41, 43, 35, 37, 51]
[0, 2, 5, 45, 2, 7, 46, 4, 1, 51]
[0, 39, 42, 36, 39, 41, 38, 37, 43, 35, 37, 51]
[0, 14, 47, 11, 12, 47, 16, 15, 11, 9, 51]
[0, 2, 5, 45, 2, 7, 8, 6, 7, 46, 6, 51]
[0, 19, 21, 22, 19, 49, 22, 20, 51]
[0, 39, 42, 36, 39, 44, 41, 38, 40, 41, 37, 51]
[0, 36, 39, 42, 36, 44, 41, 38, 37, 43, 51]
[0, 2, 5, 45, 2, 6, 7, 46, 3, 4, 51]
[0, 42, 36, 39, 42, 36, 44, 41, 43, 35, 37, 51]
[0, 2, 5, 45, 2, 7, 46, 3, 4, 1, 51]
[0, 2, 5, 45, 2, 7, 46, 3, 1, 4, 51]
[0, 39, 42, 36, 39, 44, 41, 38, 37, 43, 35, 37, 51]
[0, 47, 16, 13, 51]
[0, 11, 13, 51]
[0, 14, 11, 13, 51]
[0, 11, 16, 13, 51]
[0, 45, 5, 46, 8, 6, 46, 51]
[0, 11, 47, 16, 13, 51]
[0, 5, 6, 46, 8, 6, 46, 51]
[0, 45, 5, 3, 46, 8, 6, 46, 51]
[0, 12, 11, 16, 13, 51]
[0, 5, 45, 6, 7, 46, 6, 51]
[0, 5, 45, 6, 46, 8, 6, 46, 51]
[0, 11, 12, 47, 16, 13, 51]
[0, 5, 45, 6, 7, 8, 46, 6, 51]
[0, 5, 6, 7, 46, 8, 6, 46, 51]
[0, 5, 46, 8, 6, 46, 4, 51]
[0, 12, 16, 11, 9, 13, 51]
[0, 12, 11, 16, 13, 17, 51]
[0, 12, 11, 16, 17, 13, 51]
[0, 45, 5, 2, 45, 5, 46, 6, 51]
[0, 5, 45, 6, 7, 46, 8, 6, 46, 51]
[0, 45, 5, 46, 8, 6, 46, 4, 51]
[0, 11, 47, 16, 11, 13, 51]
[0, 39, 42, 36, 39, 40, 44, 41, 51]
[0, 45, 5, 7, 8, 6, 7, 46, 6, 51]
[0, 45, 5, 2, 45, 5, 3, 46, 6, 51]
[0, 45, 5, 8, 7, 6, 46, 8, 6, 46, 51]
[0, 45, 5, 3, 46, 8, 6, 46, 4, 51]
[0, 11, 12, 16, 11, 13, 51]
[0, 11, 12, 16, 11, 12, 51]
[0, 5, 45, 2, 5, 45, 6, 7, 46, 51]
[0, 45, 5, 2, 45, 5, 7, 46, 6, 51]
[0, 5, 45, 6, 7, 8, 6, 46, 8, 6, 51]
[0, 45, 5, 2, 45, 5, 46, 8, 6, 46, 51]
[0, 5, 45, 6, 46, 8, 6, 46, 4, 51]
[0, 11, 12, 47, 16, 11, 13, 51]
[0, 11, 12, 47, 16, 11, 12, 51]
[0, 45, 5, 2, 45, 5, 8, 7, 6, 46, 51]
[0, 5, 2, 45, 5, 6, 7, 46, 6, 51]
[0, 5, 45, 2, 5, 6, 46, 8, 6, 46, 51]
[0, 5, 45, 6, 7, 8, 6, 46, 8, 6, 46, 51]
[0, 5, 6, 7, 46, 8, 6, 46, 4, 51]
[0, 11, 16, 12, 11, 16, 13, 51]
[0, 11, 12, 16, 15, 11, 12, 51]
[0, 12, 11, 16, 15, 11, 12, 51]
[0, 39, 42, 36, 39, 40, 44, 41, 40, 51]
[0, 5, 45, 2, 5, 45, 6, 7, 46, 6, 51]
[0, 5, 45, 2, 5, 45, 6, 46, 8, 6, 46, 51]
[0, 5, 45, 6, 7, 46, 8, 6, 46, 4, 51]
[0, 11, 47, 16, 12, 11, 16, 13, 51]
[0, 11, 12, 47, 16, 15, 11, 12, 51]
[0, 42, 36, 39, 42, 36, 40, 44, 41, 51]
[0, 39, 36, 40, 44, 38, 40, 41, 51]
[0, 5, 45, 2, 5, 45, 6, 7, 8, 46, 6, 51]
[0, 5, 2, 45, 5, 7, 6, 46, 8, 6, 46, 51]
[0, 45, 5, 7, 6, 8, 7, 6, 46, 8, 6, 46, 51]
[0, 45, 5, 8, 7, 6, 46, 8, 6, 46, 4, 51]
[0, 12, 11, 16, 15, 11, 16, 13, 51]
[0, 11, 16, 12, 11, 16, 17, 13, 51]
[0, 11, 12, 15, 16, 12, 11, 9, 51]
[0, 11, 12, 16, 11, 15, 16, 9, 51]
[0, 12, 11, 16, 15, 11, 16, 9, 51]
[0, 42, 39, 36, 40, 44, 38, 40, 41, 51]
[0, 45, 5, 2, 45, 5, 8, 6, 7, 8, 46, 6, 51]
[0, 5, 45, 2, 5, 45, 6, 7, 46, 8, 6, 46, 51]
[0, 45, 5, 2, 45, 5, 46, 8, 6, 46, 4, 51]
[0, 11, 12, 47, 16, 11, 12, 16, 13, 51]
[0, 11, 12, 47, 16, 15, 11, 12, 9, 51]
[0, 36, 39, 42, 36, 40, 44, 38, 41, 51]
[0, 11, 12, 47, 16, 15, 11, 16, 9, 51]
[0, 11, 12, 47, 16, 11, 12, 16, 9, 51]
[0, 39, 42, 36, 39, 40, 44, 38, 40, 41, 51]
[0, 5, 45, 2, 5, 45, 7, 8, 6, 7, 46, 6, 51]
[0, 5, 45, 2, 5, 45, 8, 7, 6, 46, 8, 6, 46, 51]
[0, 5, 45, 6, 7, 8, 6, 46, 8, 6, 46, 4, 51]
[0, 12, 11, 16, 15, 11, 12, 16, 13, 51]
[0, 12, 11, 16, 15, 11, 16, 17, 13, 51]
[0, 5, 46, 3, 1, 51]
[0, 5, 45, 46, 3, 1, 51]
[0, 14, 12, 47, 17, 13, 51]
[0, 50, 32, 26, 51]
[0, 47, 14, 12, 47, 9, 13, 51]
[0, 5, 46, 8, 3, 46, 1, 51]
[0, 47, 14, 12, 47, 13, 17, 51]
[0, 47, 14, 12, 47, 17, 13, 51]
[0, 47, 14, 12, 47, 10, 13, 51]
[0, 5, 46, 8, 6, 46, 1, 51]
[0, 22, 24, 25, 48, 24, 51]
[0, 47, 14, 12, 47, 16, 9, 13, 51]
[0, 5, 46, 8, 6, 46, 3, 1, 51]
[0, 22, 20, 24, 25, 48, 24, 51]
[0, 47, 14, 12, 47, 9, 10, 13, 51]
[0, 5, 45, 46, 8, 6, 46, 3, 1, 51]
[0, 22, 20, 25, 48, 24, 25, 51]
[0, 47, 14, 12, 47, 11, 9, 13, 51]
[0, 45, 5, 3, 46, 8, 6, 46, 3, 1, 51]
[0, 22, 20, 49, 25, 24, 48, 25, 51]
[0, 14, 47, 15, 14, 47, 12, 9, 10, 51]
[0, 39, 36, 40, 44, 41, 43, 51]
[0, 47, 14, 12, 47, 16, 9, 10, 13, 51]
[0, 5, 45, 6, 46, 8, 6, 46, 3, 1, 51]
[0, 5, 46, 8, 6, 46, 4, 1, 51]
[0, 47, 14, 12, 47, 9, 10, 13, 17, 51]
[0, 47, 14, 12, 47, 11, 9, 10, 51]
[0, 47, 14, 12, 47, 11, 12, 9, 13, 51]
[0, 5, 7, 6, 46, 8, 6, 46, 3, 1, 51]
[0, 5, 45, 46, 8, 6, 46, 4, 1, 51]
[0, 47, 14, 12, 47, 11, 9, 13, 17, 51]
[0, 21, 23, 22, 20, 24, 25, 48, 24, 51]
[0, 19, 21, 23, 25, 48, 24, 25, 51]
[0, 14, 47, 15, 14, 12, 47, 16, 9, 10, 51]
[0, 39, 36, 40, 38, 41, 43, 51]
[0, 47, 14, 12, 47, 11, 9, 10, 13, 51]
[0, 5, 45, 6, 7, 46, 8, 6, 46, 3, 1, 51]
[0, 45, 5, 3, 46, 8, 6, 46, 4, 1, 51]
[0, 47, 14, 12, 47, 16, 9, 10, 13, 17, 51]
[0, 21, 23, 19, 21, 23, 25, 24, 51]
[0, 21, 23, 22, 20, 25, 48, 24, 25, 51]
[0, 14, 47, 15, 14, 12, 47, 11, 12, 9, 51]
[0, 47, 14, 12, 47, 11, 12, 9, 10, 51]
[0, 39, 36, 40, 44, 41, 40, 43, 51]
[0, 47, 14, 12, 47, 16, 11, 12, 9, 13, 51]
[0, 5, 45, 8, 7, 6, 46, 8, 6, 46, 3, 1, 51]
[0, 47, 14, 12, 47, 11, 12, 9, 13, 17, 51]
[0, 21, 23, 18, 21, 23, 25, 48, 24, 25, 51]
[0, 14, 47, 11, 12, 47, 11, 12, 9, 51]
[0, 36, 40, 41, 38, 40, 41, 51]
[0, 14, 47, 15, 14, 47, 12, 11, 9, 10, 51]
[0, 47, 14, 12, 47, 11, 12, 9, 10, 13, 51]
[0, 5, 45, 2, 5, 45, 46, 8, 6, 46, 3, 1, 51]
[0, 47, 14, 12, 47, 11, 9, 10, 13, 17, 51]
[0, 19, 21, 23, 22, 24, 25, 48, 24, 51]
[0, 23, 21, 19, 23, 25, 48, 24, 25, 51]
[0, 14, 47, 15, 14, 12, 47, 16, 11, 12, 9, 51]
[0, 39, 36, 40, 41, 38, 40, 41, 51]
[0, 47, 14, 12, 47, 16, 11, 12, 9, 10, 51]
[0, 39, 36, 40, 38, 41, 40, 43, 51]
[0, 14, 47, 15, 14, 47, 12, 11, 9, 10, 13, 51]
[0, 45, 5, 2, 45, 5, 3, 46, 8, 6, 46, 3, 1, 51]
[0, 47, 14, 12, 47, 16, 11, 12, 9, 13, 17, 51]
[0, 22, 19, 49, 22, 20, 49, 25, 24, 51]
[0, 22, 19, 49, 22, 24, 25, 48, 24, 51]
[0, 21, 23, 19, 21, 23, 25, 48, 24, 25, 51]
[0, 14, 47, 11, 12, 47, 15, 12, 11, 9, 51]
[0, 14, 47, 11, 12, 47, 16, 11, 12, 9, 51]
[0, 39, 36, 38, 44, 41, 38, 40, 41, 51]
[0, 39, 36, 44, 40, 41, 38, 40, 41, 51]
[0, 14, 47, 15, 14, 12, 47, 11, 12, 9, 10, 51]
[0, 39, 36, 40, 44, 38, 41, 40, 43, 51]
[0, 47, 14, 12, 47, 16, 11, 12, 9, 10, 13, 51]
[0, 5, 45, 2, 5, 45, 6, 46, 8, 6, 46, 3, 1, 51]
[0, 5, 45, 8, 7, 6, 46, 8, 6, 46, 4, 1, 51]
[0, 47, 14, 12, 47, 11, 12, 9, 10, 13, 17, 51]
[0, 19, 21, 23, 19, 21, 23, 25, 24, 51]
[0, 22, 19, 49, 22, 20, 24, 25, 48, 24, 51]
[0, 50, 32, 34, 51]
[0, 30, 33, 28, 30, 32, 34, 51]
[0, 30, 27, 28, 30, 34, 32, 51]
[0, 30, 27, 28, 30, 32, 34, 51]
[0, 33, 30, 27, 28, 30, 34, 32, 51]
[0, 33, 30, 27, 28, 30, 32, 34, 51]
[0, 50, 34, 26, 32, 51]
[0, 33, 28, 30, 27, 28, 30, 34, 32, 51]
[0, 33, 28, 30, 27, 28, 30, 32, 34, 51]
[0, 30, 33, 28, 30, 50, 32, 34, 51]
[0, 33, 30, 27, 28, 30, 34, 50, 51]
[0, 27, 28, 30, 27, 28, 30, 34, 32, 51]
[0, 27, 28, 30, 27, 28, 30, 32, 34, 51]
[0, 30, 27, 28, 30, 50, 32, 34, 51]
[0, 14, 47, 16, 15, 11, 10, 51]
[0, 33, 28, 30, 27, 28, 30, 34, 50, 51]
[0, 33, 30, 27, 28, 30, 26, 34, 32, 51]
[0, 33, 27, 28, 30, 27, 28, 30, 32, 34, 51]
[0, 33, 30, 27, 28, 30, 50, 32, 34, 51]
[0, 14, 16, 15, 11, 9, 10, 51]
[0, 27, 28, 30, 27, 28, 30, 34, 50, 51]
[0, 33, 28, 30, 27, 28, 30, 26, 34, 32, 51]
[0, 30, 33, 28, 30, 34, 26, 32, 34, 51]
[0, 33, 28, 30, 27, 28, 30, 50, 32, 34, 51]
[0, 11, 15, 16, 11, 10, 51]
[0, 33, 30, 27, 28, 30, 26, 34, 50, 51]
[0, 33, 28, 27, 31, 30, 28, 27, 30, 34, 32, 51]
[0, 33, 28, 27, 31, 30, 28, 27, 30, 32, 34, 51]
[0, 27, 28, 30, 27, 28, 30, 50, 32, 34, 51]
[0, 14, 11, 16, 15, 11, 10, 51]
[0, 33, 27, 28, 30, 27, 28, 30, 26, 34, 32, 51]
[0, 33, 30, 27, 28, 30, 34, 26, 32, 34, 51]
[0, 33, 27, 28, 30, 27, 28, 30, 50, 32, 34, 51]
[0, 11, 15, 16, 11, 9, 10, 51]
[0, 33, 27, 28, 30, 31, 27, 30, 26, 34, 32, 51]
[0, 33, 28, 30, 27, 28, 30, 34, 26, 32, 34, 51]
[0, 33, 27, 28, 30, 31, 27, 30, 50, 32, 34, 51]
[0, 33, 28, 30, 27, 28, 30, 26, 34, 50, 32, 51]
[0, 14, 11, 16, 15, 11, 9, 10, 51]
[0, 33, 28, 27, 31, 30, 28, 27, 30, 26, 34, 32, 51]
[0, 27, 28, 30, 27, 28, 30, 34, 26, 32, 34, 51]
[0, 33, 28, 27, 31, 30, 28, 27, 30, 50, 32, 34, 51]
[0, 42, 39, 36, 40, 41, 38, 40, 41, 51]
[0, 12, 11, 16, 15, 11, 9, 10, 51]
[0, 33, 31, 27, 28, 30, 31, 27, 30, 26, 34, 32, 51]
[0, 33, 27, 28, 30, 27, 28, 30, 34, 26, 32, 34, 51]
[0, 33, 31, 27, 28, 30, 31, 27, 30, 50, 32, 34, 51]
[0, 33, 27, 28, 30, 27, 28, 30, 26, 34, 50, 32, 51]
[0, 33, 31, 29, 27, 26, 32, 51]
[0, 33, 31, 29, 27, 28, 26, 32, 51]
[0, 33, 29, 31, 27, 29, 31, 50, 51]
[0, 33, 31, 29, 27, 26, 50, 51]
[0, 33, 27, 29, 31, 27, 26, 32, 51]
[0, 33, 28, 27, 29, 31, 27, 29, 50, 51]
[0, 33, 29, 27, 31, 29, 27, 26, 32, 51]
[0, 33, 27, 29, 31, 27, 29, 31, 50, 51]
[0, 33, 28, 29, 27, 31, 29, 27, 26, 32, 51]
[0, 33, 28, 27, 29, 31, 27, 29, 31, 50, 51]
[0, 33, 29, 27, 31, 29, 27, 26, 50, 51]
[0, 33, 31, 29, 27, 31, 29, 27, 26, 32, 51]
[0, 33, 31, 27, 29, 31, 27, 29, 31, 50, 51]
[0, 33, 28, 29, 27, 31, 29, 27, 26, 50, 51]
[0, 33, 28, 31, 29, 27, 31, 29, 27, 26, 32, 51]
[0, 33, 31, 27, 29, 31, 27, 29, 31, 30, 50, 51]
[0, 33, 31, 29, 27, 31, 29, 27, 26, 50, 51]
[0, 33, 28, 29, 31, 27, 29, 31, 27, 29, 26, 32, 51]
[0, 33, 31, 27, 29, 31, 27, 29, 31, 50, 32, 51]
[0, 33, 28, 29, 27, 31, 29, 27, 26, 50, 32, 51]
[0, 14, 47, 15, 14, 16, 15, 11, 9, 10, 51]
[0, 19, 23, 18, 19, 22, 20, 51]
[0, 33, 28, 27, 29, 31, 27, 29, 31, 34, 50, 51]
[0, 33, 28, 31, 29, 27, 31, 29, 27, 26, 50, 51]
[0, 33, 27, 29, 31, 27, 29, 31, 50, 26, 32, 51]
[0, 33, 31, 29, 27, 31, 29, 27, 26, 50, 32, 51]
[0, 14, 47, 15, 14, 47, 16, 15, 11, 9, 10, 51]
[0, 19, 23, 21, 18, 19, 22, 20, 51]
[0, 33, 31, 27, 29, 31, 27, 29, 31, 34, 50, 51]
[0, 33, 28, 29, 31, 27, 29, 31, 27, 29, 26, 50, 51]
[0, 33, 28, 27, 29, 31, 27, 29, 31, 50, 26, 32, 51]
[0, 33, 28, 31, 29, 27, 31, 29, 27, 26, 50, 32, 51]
[0, 33, 28, 29, 31, 30, 33, 50, 32, 51]
[0, 33, 28, 30, 33, 50, 32, 34, 51]
[0, 33, 31, 29, 30, 33, 28, 30, 50, 32, 51]
[0, 33, 28, 29, 30, 33, 50, 32, 34, 51]
[0, 33, 28, 29, 30, 33, 31, 29, 30, 50, 32, 51]
[0, 33, 31, 29, 30, 33, 50, 32, 34, 51]
[0, 33, 31, 29, 30, 33, 28, 30, 34, 50, 51]
[0, 33, 31, 29, 30, 33, 31, 29, 30, 50, 32, 51]
[0, 33, 28, 29, 31, 30, 33, 50, 32, 34, 51]
[0, 33, 28, 29, 30, 33, 31, 29, 30, 34, 50, 51]
[0, 33, 28, 29, 31, 33, 30, 31, 29, 30, 50, 32, 51]
[0, 33, 28, 30, 33, 31, 29, 30, 50, 32, 34, 51]
[0, 23, 21, 18, 23, 21, 49, 20, 48, 25, 51]
[0, 23, 21, 18, 23, 21, 19, 49, 20, 51]
[0, 33, 31, 29, 30, 33, 31, 29, 30, 34, 50, 51]
[0, 33, 28, 29, 30, 33, 31, 29, 30, 50, 32, 34, 51]
[0, 23, 21, 18, 23, 21, 49, 20, 48, 25, 24, 51]
[0, 19, 21, 18, 23, 21, 19, 49, 20, 51]
[0, 33, 28, 29, 31, 33, 30, 31, 29, 30, 34, 50, 51]
[0, 33, 31, 29, 30, 33, 31, 29, 30, 50, 32, 34, 51]
[0, 23, 21, 18, 23, 21, 18, 20, 49, 48, 25, 51]
[0, 19, 23, 21, 18, 23, 21, 18, 49, 20, 51]
[0, 33, 28, 29, 30, 33, 31, 29, 30, 26, 34, 50, 51]
[0, 2, 45, 7, 6, 8, 7, 6, 3, 4, 51]
[0, 33, 28, 29, 31, 33, 30, 31, 29, 30, 50, 32, 34, 51]
[0, 23, 21, 18, 23, 21, 19, 20, 48, 25, 51]
[0, 19, 21, 23, 18, 21, 23, 19, 20, 51]
[0, 33, 31, 29, 30, 33, 31, 29, 30, 26, 34, 50, 51]
[0, 33, 31, 29, 30, 31, 29, 30, 28, 29, 30, 50, 32, 34, 51]
[0, 2, 45, 7, 6, 8, 7, 6, 4, 1, 51]
[0, 2, 45, 6, 7, 8, 6, 46, 3, 1, 4, 51]
[0, 23, 21, 18, 23, 21, 19, 20, 49, 48, 25, 51]
[0, 19, 18, 48, 25, 51]
[0, 19, 21, 18, 48, 25, 51]
[0, 18, 21, 23, 18, 48, 25, 51]
[0, 19, 18, 48, 25, 24, 48, 51]
[0, 14, 11, 9, 10, 17, 51]
[0, 18, 21, 19, 18, 48, 25, 51]
[0, 12, 11, 9, 10, 17, 51]
[0, 19, 18, 21, 23, 18, 48, 51]
[0, 22, 19, 18, 48, 25, 51]
[0, 45, 5, 3, 6, 46, 3, 1, 4, 51]
[0, 14, 12, 11, 9, 10, 17, 51]
[0, 19, 18, 21, 19, 18, 48, 51]
[0, 18, 21, 19, 18, 48, 24, 25, 48, 51]
[0, 7, 6, 8, 7, 6, 46, 3, 4, 51]
[0, 7, 8, 6, 7, 46, 3, 1, 4, 51]
[0, 14, 47, 16, 11, 9, 10, 17, 51]
[0, 14, 12, 11, 9, 10, 13, 17, 51]
[0, 19, 21, 18, 19, 49, 18, 48, 51]
[0, 19, 18, 21, 19, 18, 48, 24, 51]
[0, 19, 18, 21, 23, 18, 48, 25, 51]
[0, 22, 19, 18, 48, 24, 25, 48, 51]
[0, 33, 31, 28, 33, 30, 28, 26, 34, 50, 51]
[0, 7, 6, 8, 7, 6, 8, 46, 3, 4, 51]
[0, 7, 8, 6, 7, 8, 46, 3, 4, 1, 51]
[0, 7, 8, 6, 7, 8, 46, 3, 1, 4, 51]
[0, 14, 16, 15, 11, 9, 10, 17, 51]
[0, 19, 18, 23, 19, 18, 48, 51]
[0, 19, 18, 21, 19, 18, 48, 25, 51]
[0, 33, 28, 29, 31, 30, 33, 28, 26, 34, 50, 51]
[0, 5, 7, 6, 8, 7, 6, 46, 3, 4, 51]
[0, 7, 6, 8, 7, 6, 46, 3, 4, 1, 51]
[0, 7, 6, 8, 7, 6, 46, 3, 1, 4, 51]
[0, 19, 18, 21, 23, 19, 18, 48, 51]
[0, 19, 18, 21, 19, 18, 48, 25, 24, 51]
[0, 19, 18, 21, 23, 18, 48, 24, 25, 48, 51]
[0, 19, 18, 21, 19, 18, 22, 20, 51]
[0, 5, 45, 7, 6, 8, 7, 6, 46, 3, 4, 51]
[0, 7, 6, 8, 7, 6, 8, 46, 3, 1, 4, 51]
[0, 14, 12, 16, 15, 11, 9, 10, 17, 51]
[0, 19, 21, 18, 19, 22, 18, 48, 51]
[0, 19, 18, 23, 19, 18, 48, 25, 51]
[0, 19, 18, 21, 19, 18, 48, 24, 25, 48, 51]
[0, 19, 18, 21, 19, 18, 49, 22, 20, 51]
[0, 33, 28, 31, 29, 28, 30, 31, 28, 26, 34, 50, 51]
[0, 5, 45, 7, 6, 8, 7, 6, 8, 46, 3, 4, 51]
[0, 5, 7, 6, 8, 7, 6, 46, 3, 4, 1, 51]
[0, 5, 7, 6, 8, 7, 6, 46, 3, 1, 4, 51]
[0, 19, 18, 21, 19, 18, 22, 20, 48, 51]
[0, 19, 18, 21, 23, 19, 18, 48, 25, 51]
[0, 19, 21, 18, 19, 49, 18, 48, 24, 25, 48, 51]
[0, 14, 47, 16, 15, 9, 13, 17, 51]
[0, 12, 47, 16, 15, 9, 13, 17, 51]
[0, 2, 45, 5, 3, 1, 4, 51]
[0, 11, 15, 16, 9, 13, 17, 51]
[0, 45, 5, 2, 45, 5, 3, 4, 51]
[0, 47, 16, 15, 11, 9, 13, 17, 51]
[0, 45, 5, 2, 45, 5, 3, 46, 4, 51]
[0, 42, 39, 36, 40, 44, 43, 35, 37, 51]
[0, 36, 40, 44, 43, 35, 37, 43, 51]
[0, 14, 47, 16, 15, 11, 9, 13, 17, 51]
[0, 36, 40, 44, 41, 40, 35, 37, 51]
[0, 45, 5, 2, 45, 5, 3, 4, 1, 51]
[0, 45, 5, 2, 45, 5, 3, 1, 4, 51]
[0, 12, 47, 16, 15, 11, 9, 13, 17, 51]
[0, 19, 18, 21, 23, 19, 18, 20, 51]
[0, 33, 30, 28, 31, 29, 27, 26, 34, 50, 51]
[0, 45, 5, 2, 45, 5, 3, 46, 6, 4, 51]
[0, 39, 36, 40, 44, 41, 40, 37, 35, 51]
[0, 39, 36, 40, 44, 41, 40, 35, 37, 51]
[0, 45, 5, 2, 45, 5, 3, 46, 4, 1, 51]
[0, 42, 39, 36, 40, 44, 43, 37, 35, 43, 51]
[0, 11, 15, 16, 11, 9, 13, 17, 51]
[0, 19, 18, 21, 23, 19, 18, 49, 20, 51]
[0, 33, 28, 27, 29, 31, 30, 28, 26, 34, 50, 51]
[0, 45, 5, 2, 45, 5, 3, 6, 46, 3, 4, 51]
[0, 11, 15, 47, 16, 15, 11, 9, 13, 51]
[0, 42, 39, 36, 40, 44, 41, 40, 37, 35, 51]
[0, 42, 39, 36, 40, 44, 41, 40, 35, 37, 51]
[0, 45, 5, 2, 45, 5, 3, 8, 46, 4, 1, 51]
[0, 42, 39, 36, 40, 44, 38, 37, 35, 43, 51]
[0, 11, 47, 16, 15, 11, 9, 13, 17, 51]
[0, 14, 47, 15, 16, 11, 15, 16, 9, 10, 51]
[0, 33, 28, 27, 31, 29, 27, 28, 26, 34, 50, 51]
[0, 11, 15, 16, 11, 15, 16, 9, 13, 51]
[0, 42, 39, 36, 40, 44, 38, 40, 37, 35, 51]
[0, 42, 39, 36, 40, 44, 38, 40, 35, 37, 51]
[0, 39, 36, 40, 44, 41, 40, 43, 35, 37, 51]
[0, 45, 5, 2, 45, 5, 3, 46, 6, 4, 1, 51]
[0, 45, 5, 2, 45, 5, 3, 8, 46, 3, 1, 4, 51]
[0, 12, 47, 16, 15, 11, 9, 10, 13, 17, 51]
[0, 14, 47, 16, 17, 13, 51]
[0, 14, 47, 15, 14, 47, 17, 51]
[0, 14, 47, 15, 14, 17, 13, 51]
[0, 14, 47, 15, 14, 16, 17, 51]
[0, 14, 47, 15, 14, 47, 13, 17, 51]
[0, 14, 47, 15, 14, 47, 17, 13, 51]
[0, 14, 47, 15, 14, 47, 16, 17, 51]
[0, 14, 47, 15, 14, 16, 13, 17, 51]
[0, 14, 47, 15, 14, 16, 17, 13, 51]
[0, 14, 47, 15, 14, 47, 16, 15, 13, 51]
[0, 14, 47, 15, 14, 16, 15, 17, 51]
[0, 14, 47, 15, 14, 10, 13, 17, 51]
[0, 14, 47, 15, 14, 47, 16, 17, 13, 51]
[0, 14, 47, 15, 14, 47, 16, 10, 13, 51]
[0, 14, 47, 15, 14, 47, 16, 15, 17, 51]
[0, 14, 47, 15, 14, 47, 10, 13, 17, 51]
[0, 14, 47, 15, 14, 47, 16, 15, 10, 51]
[0, 14, 47, 15, 14, 16, 15, 10, 13, 51]
[0, 14, 47, 15, 14, 47, 16, 10, 17, 51]
[0, 14, 47, 15, 14, 47, 16, 15, 13, 17, 51]
[0, 14, 47, 15, 14, 47, 16, 15, 17, 13, 51]
[0, 14, 47, 15, 14, 47, 16, 15, 10, 13, 51]
[0, 14, 47, 15, 14, 12, 47, 16, 15, 17, 51]
[0, 14, 47, 15, 14, 47, 16, 10, 13, 17, 51]
[0, 14, 47, 15, 14, 47, 16, 15, 12, 10, 51]
[0, 14, 47, 15, 14, 12, 11, 10, 13, 51]
[0, 14, 47, 15, 14, 47, 16, 15, 10, 17, 51]
[0, 14, 47, 15, 14, 16, 15, 10, 13, 17, 51]
[0, 14, 47, 15, 14, 16, 15, 11, 10, 51]
[0, 14, 47, 15, 14, 47, 16, 15, 12, 10, 13, 51]
[0, 14, 47, 15, 14, 12, 11, 10, 17, 51]
[0, 14, 47, 15, 14, 47, 16, 15, 10, 13, 17, 51]
[0, 14, 47, 15, 14, 47, 16, 15, 11, 10, 51]
[0, 14, 47, 15, 14, 16, 15, 11, 10, 13, 51]
[0, 14, 47, 15, 14, 47, 16, 15, 12, 10, 17, 51]
[0, 14, 47, 15, 14, 12, 11, 10, 13, 17, 51]
[0, 14, 47, 15, 14, 12, 16, 15, 11, 10, 51]
[0, 14, 47, 15, 14, 47, 16, 15, 11, 10, 13, 51]
[0, 14, 47, 15, 14, 16, 15, 11, 10, 17, 51]
[0, 14, 47, 15, 14, 47, 16, 15, 12, 10, 13, 17, 51]
[0, 14, 47, 15, 14, 12, 47, 16, 15, 11, 10, 51]
[0, 14, 47, 15, 14, 12, 16, 15, 11, 10, 13, 51]
[0, 14, 47, 15, 14, 47, 16, 15, 11, 10, 17, 51]
[0, 14, 47, 15, 14, 16, 15, 11, 10, 13, 17, 51]
[0, 42, 44, 41, 35, 37, 43, 35, 51]
[0, 41, 43, 35, 37, 43, 35, 51]
[0, 41, 38, 35, 37, 43, 35, 51]
[0, 14, 47, 15, 14, 47, 16, 9, 13, 17, 51]
[0, 42, 39, 36, 35, 37, 43, 35, 51]
[0, 14, 47, 15, 14, 12, 16, 9, 13, 17, 51]
[0, 42, 44, 41, 38, 35, 37, 43, 35, 51]
[0, 41, 38, 40, 41, 43, 35, 37, 51]
[0, 41, 38, 40, 41, 37, 35, 43, 51]
[0, 14, 47, 15, 14, 16, 9, 10, 13, 17, 51]
[0, 41, 38, 40, 35, 37, 43, 35, 51]
[0, 42, 36, 39, 42, 44, 41, 38, 37, 35, 51]
[0, 42, 36, 39, 42, 44, 41, 38, 35, 37, 51]
[0, 2, 6, 7, 8, 6, 4, 1, 51]
[0, 42, 36, 39, 41, 38, 37, 35, 43, 51]
[0, 14, 47, 15, 14, 47, 16, 9, 10, 13, 17, 51]
[0, 19, 21, 18, 19, 20, 48, 25, 24, 51]
[0, 42, 41, 38, 40, 35, 37, 43, 35, 51]
[0, 42, 39, 38, 41, 43, 35, 37, 43, 35, 51]
[0, 2, 5, 45, 2, 6, 8, 46, 4, 51]
[0, 33, 31, 28, 30, 31, 29, 30, 28, 26, 32, 34, 51]
[0, 2, 6, 8, 7, 6, 8, 4, 1, 51]
[0, 42, 36, 39, 42, 41, 38, 37, 35, 43, 51]
[0, 41, 38, 40, 41, 43, 35, 37, 43, 51]
[0, 14, 47, 15, 14, 12, 16, 9, 10, 13, 17, 51]
[0, 19, 18, 21, 23, 18, 20, 48, 25, 24, 51]
[0, 41, 38, 40, 41, 35, 37, 43, 35, 51]
[0, 14, 47, 15, 14, 16, 15, 12, 16, 9, 10, 51]
[0, 33, 31, 30, 29, 31, 30, 28, 26, 34, 50, 51]
[0, 2, 6, 8, 7, 6, 8, 46, 6, 4, 51]
[0, 42, 39, 36, 38, 44, 41, 38, 37, 35, 51]
[0, 42, 39, 36, 38, 44, 41, 38, 35, 37, 51]
[0, 2, 6, 8, 7, 6, 8, 46, 4, 1, 51]
[0, 42, 36, 39, 42, 44, 41, 38, 37, 35, 43, 51]
[0, 19, 18, 21, 19, 18, 20, 48, 25, 24, 51]
[0, 42, 36, 39, 41, 38, 35, 37, 43, 35, 51]
[0, 14, 47, 15, 14, 47, 16, 15, 12, 16, 9, 10, 51]
[0, 33, 31, 28, 30, 31, 29, 30, 28, 26, 34, 50, 51]
[0, 2, 5, 45, 2, 6, 7, 8, 46, 4, 51]
[0, 33, 31, 27, 28, 30, 31, 29, 27, 26, 32, 34, 51]
[0, 2, 5, 45, 2, 6, 8, 46, 4, 1, 51]
[0, 19, 18, 21, 19, 18, 20, 49, 48, 25, 24, 51]
[0, 42, 36, 39, 42, 41, 38, 35, 37, 43, 35, 51]
[0, 41, 38, 40, 41, 43, 35, 37, 43, 35, 51]
[0, 33, 28, 30, 33, 50, 34, 26, 32, 51]
[0, 33, 28, 29, 30, 33, 28, 29, 30, 26, 32, 34, 51]
[0, 14, 47, 16, 12, 11, 9, 13, 17, 51]
[0, 33, 28, 29, 30, 33, 50, 34, 26, 32, 51]
[0, 33, 28, 30, 33, 28, 26, 34, 50, 32, 51]
[0, 33, 28, 29, 27, 28, 29, 27, 26, 32, 34, 51]
[0, 42, 44, 41, 38, 40, 37, 43, 35, 37, 51]
[0, 42, 44, 38, 40, 44, 43, 35, 37, 43, 51]
[0, 14, 47, 16, 11, 9, 10, 13, 17, 51]
[0, 33, 28, 29, 30, 33, 28, 26, 34, 50, 32, 51]
[0, 33, 28, 29, 30, 33, 28, 29, 30, 26, 34, 50, 51]
[0, 33, 28, 29, 31, 33, 30, 28, 29, 30, 26, 32, 34, 51]
[0, 42, 44, 38, 40, 44, 38, 37, 35, 43, 51]
[0, 42, 44, 38, 40, 44, 41, 37, 43, 35, 37, 51]
[0, 14, 47, 15, 14, 47, 16, 11, 9, 13, 17, 51]
[0, 33, 28, 29, 31, 30, 33, 50, 34, 26, 32, 51]
[0, 33, 28, 30, 33, 28, 29, 30, 26, 34, 50, 32, 51]
[0, 19, 18, 21, 23, 18, 49, 22, 20, 51]
[0, 33, 28, 27, 29, 30, 28, 27, 29, 30, 26, 32, 34, 51]
[0, 42, 44, 38, 40, 44, 38, 37, 43, 35, 37, 51]
[0, 33, 28, 29, 30, 33, 28, 29, 30, 26, 34, 50, 32, 51]
[0, 14, 47, 15, 14, 47, 16, 12, 11, 9, 10, 51]
[0, 19, 23, 18, 19, 49, 22, 20, 51]
[0, 33, 28, 29, 31, 33, 30, 28, 29, 30, 26, 34, 50, 51]
[0, 2, 45, 5, 7, 6, 8, 7, 6, 46, 3, 1, 51]
[0, 42, 44, 38, 40, 44, 38, 41, 37, 35, 43, 51]
[0, 44, 38, 40, 44, 38, 41, 37, 43, 35, 37, 51]
[0, 33, 28, 29, 27, 28, 29, 27, 26, 34, 50, 32, 51]
[0, 14, 12, 16, 15, 11, 9, 13, 17, 51]
[0, 14, 12, 16, 15, 11, 9, 10, 13, 51]
[0, 2, 45, 5, 8, 7, 6, 4, 1, 51]
[0, 14, 12, 16, 11, 9, 10, 13, 17, 51]
[0, 33, 30, 31, 29, 27, 26, 34, 50, 32, 51]
[0, 14, 12, 16, 15, 12, 11, 9, 10, 51]
[0, 14, 12, 11, 15, 16, 11, 9, 13, 51]
[0, 2, 45, 5, 8, 7, 6, 46, 4, 1, 51]
[0, 14, 12, 16, 15, 12, 11, 9, 13, 17, 51]
[0, 33, 30, 28, 31, 29, 27, 26, 34, 50, 32, 51]
[0, 33, 31, 29, 30, 31, 29, 27, 26, 34, 50, 51]
[0, 14, 12, 16, 15, 12, 11, 9, 10, 13, 51]
[0, 2, 45, 5, 8, 6, 7, 8, 46, 4, 1, 51]
[0, 36, 38, 44, 41, 38, 37, 43, 35, 37, 51]
[0, 14, 12, 16, 15, 11, 9, 10, 13, 17, 51]
[0, 33, 28, 31, 27, 28, 31, 50, 32, 51]
[0, 33, 28, 31, 29, 27, 28, 31, 50, 32, 51]
[0, 33, 28, 29, 31, 28, 27, 29, 31, 50, 32, 51]
[0, 33, 28, 31, 29, 28, 31, 50, 32, 34, 51]
[0, 33, 28, 31, 29, 28, 31, 34, 50, 32, 51]
[0, 33, 31, 28, 27, 31, 28, 26, 32, 34, 51]
[0, 33, 28, 31, 27, 28, 31, 50, 32, 34, 51]
[0, 33, 28, 31, 27, 28, 31, 34, 50, 32, 51]
[0, 33, 28, 29, 31, 28, 29, 31, 28, 26, 32, 34, 51]
[0, 33, 28, 31, 29, 27, 28, 31, 50, 32, 34, 51]
[0, 33, 28, 31, 29, 27, 28, 31, 34, 50, 32, 51]
[0, 33, 28, 29, 31, 28, 30, 31, 29, 28, 26, 32, 34, 51]
[0, 33, 28, 29, 31, 28, 27, 29, 31, 50, 32, 34, 51]
[0, 33, 28, 29, 31, 28, 27, 29, 31, 34, 50, 32, 51]
[0, 31, 28, 27, 31, 28, 26, 34, 50, 32, 51]
[0, 33, 28, 29, 31, 28, 29, 31, 28, 26, 34, 50, 51]
[0, 2, 45, 5, 7, 6, 8, 7, 6, 4, 51]
[0, 39, 36, 38, 40, 41, 38, 37, 35, 51]
[0, 33, 31, 28, 29, 31, 30, 28, 29, 31, 50, 32, 34, 51]
[0, 2, 7, 6, 8, 7, 6, 3, 1, 4, 51]
[0, 33, 31, 28, 29, 31, 30, 28, 29, 31, 34, 50, 32, 51]
[0, 33, 28, 31, 27, 28, 31, 50, 34, 26, 32, 51]
[0, 33, 31, 28, 27, 31, 28, 26, 34, 50, 32, 51]
[0, 33, 28, 27, 30, 28, 27, 26, 32, 51]
[0, 33, 28, 27, 29, 30, 28, 27, 26, 32, 51]
[0, 33, 28, 27, 31, 30, 28, 27, 26, 32, 51]
[0, 33, 28, 27, 29, 31, 30, 28, 27, 26, 32, 51]
[0, 2, 45, 5, 3, 46, 8, 6, 46, 4, 51]
[0, 33, 28, 27, 29, 31, 30, 28, 27, 30, 26, 32, 51]
[0, 33, 28, 27, 29, 31, 30, 28, 27, 30, 50, 32, 51]
[0, 42, 39, 36, 38, 44, 41, 50, 32, 51]
[0, 36, 40, 38, 41, 50, 32, 51]
[0, 33, 28, 27, 29, 30, 28, 27, 26, 50, 32, 51]
[0, 42, 39, 36, 40, 44, 41, 50, 32, 51]
[0, 2, 45, 5, 3, 46, 8, 6, 46, 3, 4, 51]
[0, 33, 28, 27, 29, 31, 30, 28, 27, 29, 30, 26, 32, 51]
[0, 33, 28, 27, 29, 31, 30, 28, 27, 29, 30, 50, 32, 51]
[0, 2, 5, 3, 46, 8, 6, 46, 4, 1, 51]
[0, 2, 6, 46, 8, 6, 46, 3, 1, 4, 51]
[0, 39, 36, 40, 38, 41, 50, 32, 51]
[0, 33, 28, 27, 29, 31, 30, 28, 27, 26, 32, 34, 51]
[0, 2, 45, 5, 3, 46, 8, 6, 46, 4, 1, 51]
[0, 2, 5, 3, 46, 8, 6, 46, 3, 1, 4, 51]
[0, 42, 39, 36, 40, 38, 41, 50, 32, 51]
[0, 2, 6, 7, 8, 6, 46, 8, 6, 46, 4, 51]
[0, 2, 45, 5, 3, 46, 8, 6, 46, 3, 4, 1, 51]
[0, 2, 45, 5, 3, 46, 8, 6, 46, 3, 1, 4, 51]
[0, 33, 28, 30, 33, 28, 30, 50, 32, 34, 51]
[0, 33, 28, 30, 33, 28, 30, 34, 26, 32, 34, 51]
[0, 33, 30, 31, 29, 30, 28, 29, 30, 50, 32, 34, 51]
[0, 33, 30, 29, 27, 28, 30, 34, 26, 32, 34, 51]
[0, 33, 28, 30, 31, 29, 30, 28, 29, 30, 50, 32, 34, 51]
[0, 33, 30, 31, 29, 30, 28, 26, 34, 50, 32, 51]
[0, 33, 28, 30, 29, 27, 28, 30, 34, 26, 32, 34, 51]
[0, 33, 28, 27, 29, 30, 28, 27, 29, 30, 50, 32, 34, 51]
[0, 5, 45, 7, 8, 6, 7, 46, 3, 1, 4, 51]
[0, 14, 47, 16, 12, 11, 9, 10, 13, 17, 51]
[0, 2, 45, 5, 7, 8, 6, 7, 8, 46, 4, 51]
[0, 33, 30, 31, 29, 30, 28, 29, 30, 34, 26, 32, 34, 51]
[0, 5, 45, 7, 8, 6, 7, 8, 46, 3, 1, 4, 51]
[0, 47, 14, 12, 47, 16, 11, 9, 10, 13, 17, 51]
[0, 18, 23, 21, 18, 49, 22, 20, 49, 48, 25, 24, 51]
[0, 33, 27, 28, 33, 50, 32, 34, 51]
[0, 14, 47, 15, 14, 12, 9, 10, 17, 51]
[0, 14, 47, 15, 14, 47, 12, 9, 10, 17, 51]
[0, 14, 47, 15, 14, 12, 47, 16, 15, 9, 17, 51]
[0, 14, 47, 15, 14, 12, 11, 9, 13, 17, 51]
[0, 14, 47, 15, 14, 12, 47, 16, 15, 9, 10, 51]
[0, 14, 47, 15, 14, 12, 47, 15, 9, 10, 17, 51]
[0, 14, 47, 15, 14, 12, 47, 16, 15, 9, 13, 17, 51]
[0, 19, 23, 18, 21, 23, 22, 20, 51]
[0, 33, 28, 27, 31, 29, 27, 28, 30, 50, 32, 34, 51]
[0, 14, 47, 15, 14, 12, 11, 9, 10, 17, 51]
[0, 23, 18, 21, 23, 18, 22, 20, 25, 51]
[0, 23, 18, 21, 23, 18, 20, 25, 24, 48, 25, 51]
[0, 14, 47, 15, 14, 12, 47, 16, 15, 12, 9, 10, 51]
[0, 2, 45, 5, 8, 7, 6, 46, 3, 1, 4, 51]
[0, 14, 47, 15, 14, 12, 47, 16, 15, 9, 10, 17, 51]
[0, 23, 18, 21, 23, 18, 22, 20, 25, 24, 51]
[0, 5, 7, 46, 3, 1, 51]
[0, 2, 5, 46, 3, 1, 51]
[0, 5, 3, 46, 4, 1, 51]
[0, 2, 5, 7, 46, 3, 1, 51]
[0, 2, 5, 8, 7, 46, 3, 1, 51]
[0, 2, 5, 46, 4, 1, 51]
[0, 41, 38, 40, 43, 1, 51]
[0, 2, 5, 6, 7, 46, 3, 1, 51]
[0, 2, 5, 3, 46, 4, 1, 51]
[0, 41, 38, 40, 37, 43, 1, 51]
[0, 5, 45, 2, 5, 7, 46, 3, 1, 51]
[0, 2, 5, 7, 46, 4, 1, 51]
[0, 42, 39, 36, 40, 44, 43, 1, 51]
[0, 22, 19, 18, 20, 48, 25, 51]
[0, 39, 36, 40, 38, 41, 1, 51]
[0, 2, 5, 8, 7, 46, 4, 1, 51]
[0, 2, 5, 7, 46, 3, 1, 4, 51]
[0, 39, 36, 40, 44, 41, 43, 1, 51]
[0, 41, 38, 40, 41, 37, 43, 1, 51]
[0, 42, 39, 36, 40, 38, 41, 1, 51]
[0, 39, 36, 38, 40, 44, 43, 1, 51]
[0, 39, 36, 40, 38, 37, 43, 1, 51]
[0, 42, 39, 36, 40, 44, 38, 41, 1, 51]
[0, 42, 39, 36, 38, 40, 44, 43, 1, 51]
[0, 42, 39, 36, 40, 38, 37, 43, 1, 51]
[0, 22, 19, 49, 22, 20, 48, 25, 51]
[0, 42, 36, 39, 42, 44, 40, 38, 41, 1, 51]
[0, 14, 47, 15, 14, 47, 16, 15, 9, 10, 13, 17, 51]
[0, 42, 39, 36, 40, 38, 41, 43, 1, 51]
[0, 39, 36, 40, 41, 38, 37, 43, 1, 51]
[0, 22, 19, 18, 22, 20, 48, 25, 51]
[0, 33, 28, 27, 31, 30, 28, 27, 26, 34, 50, 51]
[0, 39, 36, 38, 40, 44, 38, 41, 1, 51]
[0, 42, 39, 36, 40, 44, 41, 40, 43, 1, 51]
[0, 42, 39, 36, 40, 41, 38, 37, 43, 1, 51]
[0, 7, 46, 4, 1, 51]
[0, 7, 46, 3, 1, 4, 51]
[0, 45, 5, 3, 46, 4, 1, 51]
[0, 2, 45, 5, 46, 4, 1, 51]
[0, 2, 45, 5, 3, 46, 4, 1, 51]
[0, 2, 45, 5, 7, 46, 4, 1, 51]
[0, 14, 47, 15, 14, 12, 7, 46, 4, 1, 51]
[0, 41, 38, 40, 43, 1, 4, 51]
[0, 14, 47, 15, 14, 47, 12, 7, 46, 4, 1, 51]
[0, 39, 36, 40, 44, 43, 1, 4, 51]
[0, 33, 27, 28, 33, 30, 28, 26, 34, 50, 32, 51]
[0, 14, 47, 15, 14, 47, 12, 7, 8, 46, 4, 1, 51]
[0, 14, 47, 15, 14, 47, 12, 7, 46, 3, 1, 4, 51]
[0, 42, 39, 36, 40, 44, 43, 1, 4, 51]
[0, 23, 21, 18, 23, 21, 19, 22, 20, 51]
[0, 39, 36, 40, 38, 41, 40, 35, 37, 51]
[0, 42, 39, 38, 44, 41, 38, 40, 43, 35, 37, 51]
[0, 14, 47, 15, 11, 12, 7, 46, 4, 1, 51]
[0, 39, 36, 40, 38, 41, 1, 4, 51]
[0, 42, 39, 36, 40, 41, 38, 37, 35, 43, 51]
[0, 42, 39, 38, 44, 41, 38, 40, 35, 37, 43, 51]
[0, 14, 47, 15, 14, 47, 16, 15, 11, 9, 13, 17, 51]
[0, 39, 42, 44, 41, 38, 40, 43, 1, 4, 51]
[0, 2, 45, 5, 8, 7, 46, 4, 1, 51]
[0, 33, 28, 27, 31, 29, 27, 28, 26, 32, 34, 51]
[0, 2, 45, 5, 8, 7, 46, 3, 1, 4, 51]
[0, 36, 40, 44, 43, 35, 37, 43, 35, 51]
[0, 33, 31, 29, 27, 31, 29, 27, 26, 32, 34, 51]
[0, 19, 21, 18, 23, 21, 18, 20, 48, 25, 24, 51]
[0, 39, 36, 44, 41, 38, 35, 37, 43, 35, 51]
[0, 39, 36, 40, 44, 43, 35, 37, 43, 35, 51]
[0, 19, 21, 18, 23, 21, 18, 49, 22, 20, 51]
[0, 33, 28, 31, 29, 27, 31, 29, 27, 26, 32, 34, 51]
[0, 33, 28, 27, 29, 31, 27, 29, 31, 50, 32, 34, 51]
[0, 39, 36, 38, 44, 41, 38, 37, 35, 43, 51]
[0, 42, 39, 36, 40, 44, 43, 35, 37, 43, 35, 51]
[0, 23, 21, 18, 23, 21, 18, 20, 25, 48, 24, 25, 51]
[0, 2, 5, 7, 6, 46, 4, 1, 51]
[0, 5, 45, 2, 5, 7, 46, 4, 1, 51]
[0, 2, 5, 6, 7, 46, 3, 1, 4, 51]
[0, 33, 28, 27, 29, 30, 28, 27, 26, 34, 50, 51]
[0, 23, 18, 21, 23, 22, 20, 48, 25, 24, 51]
[0, 42, 36, 39, 42, 44, 40, 38, 41, 50, 51]
[0, 42, 36, 40, 44, 41, 40, 35, 37, 43, 51]
[0, 14, 47, 15, 14, 12, 11, 9, 10, 13, 17, 51]
[0, 19, 23, 18, 21, 23, 18, 48, 25, 24, 51]
[0, 2, 45, 6, 7, 46, 4, 1, 51]
[0, 45, 2, 5, 45, 7, 46, 4, 1, 51]
[0, 45, 2, 5, 45, 8, 7, 46, 4, 1, 51]
[0, 45, 2, 5, 45, 7, 46, 3, 1, 4, 51]
[0, 2, 45, 7, 8, 6, 7, 46, 4, 1, 51]
[0, 42, 36, 39, 42, 44, 41, 38, 40, 35, 37, 51]
[0, 2, 45, 7, 8, 6, 7, 8, 46, 4, 1, 51]
[0, 2, 45, 7, 8, 6, 7, 46, 3, 1, 4, 51]
[0, 14, 47, 15, 14, 12, 47, 16, 15, 12, 16, 17, 13, 51]
[0, 2, 45, 5, 3, 46, 8, 3, 1, 4, 51]
[0, 2, 7, 8, 6, 7, 46, 3, 1, 4, 51]
[0, 33, 31, 27, 29, 31, 27, 26, 34, 50, 51]
[0, 39, 36, 40, 44, 41, 40, 35, 37, 43, 51]
[0, 19, 18, 21, 23, 19, 20, 48, 25, 24, 51]
[0, 33, 31, 30, 33, 31, 34, 50, 32, 51]
[0, 33, 31, 30, 33, 31, 30, 50, 32, 34, 51]
[0, 33, 28, 31, 33, 30, 31, 34, 50, 32, 51]
[0, 33, 28, 31, 30, 33, 31, 30, 50, 32, 34, 51]
[0, 33, 28, 31, 30, 33, 50, 34, 26, 32, 51]
[0, 33, 31, 30, 33, 28, 26, 34, 50, 32, 51]
[0, 33, 31, 30, 33, 31, 50, 34, 26, 32, 51]
[0, 2, 5, 7, 8, 6, 7, 46, 3, 4, 51]
[0, 14, 47, 16, 15, 11, 9, 10, 13, 17, 51]
[0, 33, 31, 30, 33, 31, 30, 50, 34, 26, 32, 51]
[0, 33, 31, 30, 33, 31, 30, 26, 34, 50, 32, 51]
[0, 2, 5, 7, 8, 6, 7, 8, 46, 3, 4, 51]
[0, 33, 31, 27, 29, 31, 30, 28, 31, 34, 50, 32, 51]
[0, 33, 28, 31, 30, 33, 31, 30, 50, 34, 26, 32, 51]
[0, 19, 23, 21, 18, 23, 21, 18, 48, 25, 51]
[0, 33, 26, 34, 32, 26, 51]
[0, 33, 30, 26, 34, 32, 26, 51]
[0, 33, 30, 28, 26, 34, 32, 26, 51]
[0, 33, 28, 30, 33, 26, 34, 32, 26, 51]
[0, 33, 28, 29, 31, 30, 33, 28, 30, 26, 50, 51]
[0, 33, 28, 30, 33, 28, 26, 34, 32, 26, 51]
[0, 5, 45, 2, 5, 3, 46, 4, 1, 51]
[0, 33, 28, 30, 33, 28, 30, 26, 34, 32, 26, 51]
[0, 33, 28, 27, 29, 31, 30, 28, 27, 26, 50, 51]
[0, 33, 30, 31, 29, 27, 26, 34, 32, 26, 51]
[0, 33, 31, 27, 29, 31, 30, 28, 27, 26, 50, 51]
[0, 33, 30, 28, 31, 29, 27, 26, 34, 32, 26, 51]
[0, 33, 28, 27, 29, 31, 30, 28, 27, 29, 30, 26, 50, 51]
[0, 33, 28, 29, 31, 30, 33, 28, 30, 26, 34, 32, 26, 51]
[0, 33, 28, 27, 30, 28, 27, 26, 50, 32, 51]
[0, 2, 45, 5, 7, 46, 3, 1, 4, 51]
[0, 2, 5, 7, 8, 6, 7, 46, 4, 51]
[0, 33, 28, 27, 31, 30, 28, 27, 26, 50, 32, 51]
[0, 2, 45, 5, 7, 8, 6, 7, 46, 4, 51]
[0, 5, 45, 2, 5, 7, 46, 3, 1, 4, 51]
[0, 33, 28, 27, 31, 30, 28, 27, 30, 50, 26, 32, 51]
[0, 22, 19, 49, 22, 20, 48, 25, 24, 51]
[0, 33, 31, 27, 28, 30, 31, 27, 26, 50, 32, 51]
[0, 2, 45, 5, 7, 8, 6, 7, 46, 3, 4, 51]
[0, 5, 45, 2, 5, 45, 7, 46, 3, 1, 4, 51]
[0, 22, 19, 49, 22, 20, 49, 48, 25, 24, 51]
[0, 2, 5, 45, 6, 7, 46, 4, 1, 51]
[0, 23, 21, 18, 23, 21, 18, 20, 48, 25, 24, 51]
[0, 33, 28, 29, 31, 30, 33, 28, 30, 26, 34, 50, 51]
[0, 2, 6, 7, 46, 8, 6, 46, 4, 1, 51]
[0, 2, 5, 45, 6, 7, 46, 3, 1, 4, 51]
[0, 23, 21, 18, 23, 21, 18, 49, 20, 48, 25, 24, 51]
[0, 23, 21, 18, 23, 21, 18, 49, 22, 20, 24, 51]
[0, 2, 5, 7, 8, 6, 7, 46, 4, 1, 51]
[0, 21, 23, 18, 21, 23, 22, 20, 48, 25, 24, 51]
[0, 5, 45, 2, 5, 3, 46, 4, 51]
[0, 5, 45, 2, 5, 3, 1, 4, 51]
[0, 33, 28, 27, 29, 30, 31, 29, 27, 26, 50, 51]
[0, 5, 45, 2, 5, 6, 7, 46, 4, 51]
[0, 5, 45, 2, 5, 8, 7, 6, 46, 4, 51]
[0, 33, 28, 29, 27, 31, 29, 27, 26, 34, 50, 51]
[0, 2, 5, 7, 6, 8, 7, 6, 46, 4, 51]
[0, 2, 5, 8, 7, 6, 46, 4, 1, 51]
[0, 14, 12, 47, 16, 15, 11, 9, 10, 13, 51]
[0, 33, 28, 27, 29, 30, 31, 29, 27, 26, 50, 32, 51]
[0, 47, 14, 12, 47, 16, 15, 11, 9, 10, 13, 51]
[0, 22, 19, 18, 22, 20, 48, 25, 24, 51]
[0, 33, 30, 29, 27, 28, 30, 26, 34, 50, 32, 51]
[0, 33, 28, 27, 29, 31, 30, 28, 27, 26, 50, 32, 51]
[0, 19, 23, 21, 18, 23, 21, 18, 49, 20, 24, 51]
[0, 5, 45, 2, 5, 6, 7, 46, 4, 1, 51]
[0, 42, 39, 36, 38, 40, 44, 41, 50, 32, 51]
[0, 5, 45, 2, 5, 3, 46, 8, 3, 46, 4, 51]
[0, 2, 5, 7, 8, 6, 7, 8, 46, 4, 51]
[0, 5, 7, 8, 6, 7, 8, 46, 3, 1, 4, 51]
[0, 33, 27, 29, 31, 27, 26, 34, 50, 32, 51]
[0, 5, 45, 2, 5, 3, 46, 8, 3, 46, 4, 1, 51]
[0, 5, 45, 2, 5, 8, 7, 46, 3, 1, 4, 51]
[0, 14, 12, 47, 16, 15, 11, 9, 10, 17, 51]
[0, 39, 36, 38, 40, 44, 43, 35, 37, 43, 51]
[0, 33, 28, 27, 29, 31, 27, 26, 34, 50, 32, 51]
[0, 33, 28, 29, 30, 33, 28, 30, 34, 26, 32, 34, 51]
[0, 33, 28, 29, 30, 33, 28, 29, 30, 34, 26, 32, 34, 51]
[0, 33, 28, 29, 31, 33, 30, 28, 26, 34, 50, 32, 51]
[0, 33, 28, 29, 31, 30, 33, 28, 30, 34, 26, 32, 34, 51]
[0, 2, 45, 5, 7, 8, 6, 7, 4, 1, 51]
[0, 42, 39, 36, 38, 44, 41, 38, 37, 43, 51]
[0, 42, 39, 36, 40, 44, 41, 37, 43, 35, 37, 51]
[0, 42, 36, 39, 42, 44, 41, 38, 40, 37, 43, 51]
[0, 42, 36, 39, 42, 44, 41, 38, 37, 43, 35, 37, 51]
[0, 42, 44, 38, 40, 44, 41, 40, 37, 35, 43, 51]
[0, 42, 44, 38, 40, 44, 41, 40, 35, 37, 43, 51]
[0, 14, 12, 47, 16, 15, 11, 12, 16, 17, 13, 51]
[0, 33, 28, 27, 29, 30, 28, 27, 26, 34, 50, 32, 51]
[0, 2, 5, 8, 7, 46, 3, 1, 4, 51]
[0, 2, 5, 8, 7, 6, 46, 3, 1, 4, 51]
[0, 39, 36, 42, 39, 36, 40, 38, 41, 51]
[0, 33, 28, 27, 29, 31, 27, 29, 31, 34, 50, 32, 51]
[0, 42, 39, 36, 40, 44, 41, 43, 35, 37, 43, 51]
[0, 23, 21, 18, 19, 22, 20, 48, 25, 24, 51]
[0, 42, 39, 36, 42, 39, 36, 40, 44, 41, 51]
[0, 19, 23, 21, 18, 23, 21, 18, 20, 25, 51]
[0, 19, 23, 18, 21, 23, 18, 20, 48, 25, 51]
[0, 2, 7, 6, 8, 7, 6, 46, 4, 1, 51]
[0, 5, 45, 7, 6, 8, 7, 6, 46, 4, 51]
[0, 5, 45, 2, 5, 45, 6, 7, 46, 4, 51]
[0, 5, 45, 2, 5, 45, 6, 7, 8, 46, 4, 51]
[0, 5, 45, 7, 6, 8, 7, 6, 46, 4, 1, 51]
[0, 33, 28, 29, 31, 33, 30, 31, 29, 30, 26, 50, 32, 51]
[0, 42, 39, 36, 42, 39, 36, 40, 44, 3, 1, 51]
[0, 47, 14, 12, 47, 16, 15, 11, 10, 13, 17, 51]
[0, 42, 36, 39, 42, 36, 40, 44, 43, 1, 51]
[0, 33, 31, 27, 28, 30, 31, 29, 27, 26, 50, 32, 51]
[0, 19, 21, 18, 23, 21, 18, 49, 20, 48, 25, 24, 51]
[0, 2, 7, 6, 8, 7, 6, 46, 3, 4, 51]
[0, 42, 39, 36, 38, 40, 44, 43, 4, 51]
[0, 23, 21, 18, 23, 21, 19, 20, 48, 25, 24, 51]
[0, 33, 30, 31, 29, 30, 28, 29, 30, 26, 34, 50, 51]
[0, 33, 27, 28, 30, 31, 29, 27, 26, 34, 50, 51]
[0, 33, 30, 31, 29, 30, 28, 29, 30, 26, 34, 32, 26, 51]
[0, 7, 8, 6, 7, 46, 8, 6, 46, 4, 1, 51]
[0, 7, 8, 6, 7, 46, 8, 6, 46, 3, 1, 4, 51]
[0, 2, 45, 5, 7, 46, 8, 3, 46, 4, 1, 51]
[0, 2, 45, 5, 7, 46, 8, 6, 46, 4, 1, 51]
[0, 2, 5, 7, 8, 6, 7, 3, 1, 4, 51]
