Impact solution cost: 2265.0
Impact solution: [[0, 26, 48, 25, 51], [0, 27, 29, 41, 43, 37, 51], [0, 28, 33, 4, 1, 51], [0, 30, 31, 49, 20, 51], [0, 50, 32, 51], [0, 34, 24, 51], [0, 18, 21, 22, 10, 51], [0, 23, 9, 51], [0, 35, 51], [0, 36, 8, 3, 51], [0, 16, 15, 6, 46, 51], [0, 5, 2, 40, 51], [0, 13, 17, 51], [0, 19, 51], [0, 45, 44, 51], [0, 47, 14, 51], [0, 38, 51], [0, 39, 42, 7, 51], [0, 11, 12, 51]]
Exact solution cost: 677.4722222222221
0.056   [0, 14, 47, 15, 14, 47, 16, 15, 11, 9, 10, 51]
0.278   [0, 12, 47, 16, 15, 11, 9, 10, 13, 17, 51]
1.0   [0, 33, 30, 28, 31, 29, 27, 26, 34, 50, 32, 51]
0.333   [0, 14, 12, 16, 15, 11, 9, 10, 13, 17, 51]
0.167   [0, 47, 14, 12, 47, 16, 11, 9, 10, 13, 17, 51]
1.0   [0, 2, 45, 5, 8, 7, 6, 46, 3, 1, 4, 51]
0.167   [0, 42, 39, 36, 40, 41, 38, 37, 35, 43, 51]
0.222   [0, 39, 36, 38, 44, 41, 38, 37, 35, 43, 51]
0.111   [0, 14, 47, 15, 14, 12, 11, 9, 10, 13, 17, 51]
0.222   [0, 42, 36, 39, 42, 44, 41, 38, 40, 35, 37, 51]
0.056   [0, 14, 47, 15, 14, 12, 47, 16, 15, 12, 16, 17, 13, 51]
0.056   [0, 39, 36, 40, 44, 41, 40, 35, 37, 43, 51]
0.125   [0, 19, 18, 21, 23, 19, 20, 48, 25, 24, 51]
0.056   [0, 14, 47, 16, 15, 11, 9, 10, 13, 17, 51]
0.062   [0, 19, 23, 21, 18, 23, 21, 18, 48, 25, 51]
0.375   [0, 22, 19, 49, 22, 20, 49, 48, 25, 24, 51]
0.188   [0, 23, 21, 18, 23, 21, 18, 49, 20, 48, 25, 24, 51]
0.062   [0, 19, 23, 21, 18, 23, 21, 18, 49, 20, 24, 51]
0.056   [0, 39, 36, 38, 40, 44, 43, 35, 37, 43, 51]
0.111   [0, 42, 44, 38, 40, 44, 41, 40, 35, 37, 43, 51]
0.167   [0, 42, 39, 36, 40, 44, 41, 43, 35, 37, 43, 51]
0.25   [0, 23, 21, 18, 19, 22, 20, 48, 25, 24, 51]
0.056   [0, 42, 39, 36, 42, 39, 36, 40, 44, 41, 51]
