Impact solution cost: 2151.0
Impact solution: [[0, 49, 10, 51], [0, 38, 46, 51], [0, 35, 1, 51], [0, 36, 40, 3, 32, 51], [0, 23, 20, 25, 51], [0, 34, 48, 51], [0, 11, 7, 51], [0, 39, 8, 4, 51], [0, 43, 17, 51], [0, 47, 9, 51], [0, 14, 21, 51], [0, 19, 18, 51], [0, 44, 16, 51], [0, 15, 51], [0, 24, 51], [0, 29, 22, 51], [0, 41, 51], [0, 45, 30, 51], [0, 33, 31, 51], [0, 42, 2, 51], [0, 5, 12, 51], [0, 37, 51], [0, 50, 26, 51], [0, 6, 51], [0, 13, 51], [0, 28, 51], [0, 27, 51]]
Exact solution cost: 943.0
1.0   [0, 5, 7, 18, 6, 51]
1.0   [0, 36, 47, 11, 19, 49, 10, 32, 1, 51]
1.0   [0, 2, 15, 43, 13, 51]
1.0   [0, 28, 12, 3, 50, 51]
1.0   [0, 45, 8, 46, 48, 51]
1.0   [0, 27, 31, 30, 20, 35, 51]
1.0   [0, 39, 23, 41, 22, 4, 25, 51]
1.0   [0, 21, 40, 26, 51]
1.0   [0, 33, 29, 9, 34, 24, 51]
1.0   [0, 42, 14, 44, 16, 38, 37, 17, 51]
